5.000000 5.000000
6.232864 4.914744
3.868464 4.635917
4.177652 9.107603
7.799366 6.477452
3.571372 5.519723
3.516651 5.255929
9.231574 6.331606
6.665704 7.750058
6.573987 6.404455
4.473041 4.456960
6.407983 3.212413
4.219897 3.924827
6.787318 4.895686
1.955657 5.573789
2.499617 2.701906
4.516278 7.323512
6.236790 4.812096
4.216602 3.507564
4.012426 5.387202
4.783055 5.851889
2.537528 4.849739
8.394491 7.897727
5.579946 8.977193
3.865267 5.153849
5.078220 6.717873
2.774500 6.889118
6.787001 1.131588
8.062844 6.549482
5.582485 4.694627
5.179047 6.125700
4.795095 4.271333
6.750214 6.458408
1.892304 2.712032
2.724813 6.509038
7.309975 1.194568
4.999321 8.552782
0.885921 6.118875
1.812439 3.797061
4.981491 6.510416
8.178082 7.637265
4.526260 1.795943
4.660582 5.856110
6.336566 2.407279
1.708784 6.031408
6.202734 5.807900
8.382924 2.099783
4.799937 1.142014
6.608677 6.547828
7.092981 2.331957
7.897882 6.296151
