5.000000 5.000000
5.179047 6.125700

5.179047 6.125700
5.078220 6.717873

5.078220 6.717873
4.999321 8.552782

4.999321 8.552782
5.579946 8.977193

5.579946 8.977193
4.177652 9.107603

4.177652 9.107603
2.774500 6.889118

2.774500 6.889118
2.724813 6.509038

2.724813 6.509038
1.708784 6.031408

1.708784 6.031408
0.885921 6.118875

0.885921 6.118875
1.955657 5.573789

1.955657 5.573789
2.537528 4.849739

2.537528 4.849739
2.499617 2.701906

2.499617 2.701906
4.219897 3.924827

4.219897 3.924827
4.473041 4.456960

4.473041 4.456960
5.000000 5.000000

