5.000000 5.000000
4.444695 4.728080

4.444695 4.728080
2.427582 3.879825

2.427582 3.879825
1.877457 2.963874

1.877457 2.963874
1.839520 1.721668

1.839520 1.721668
1.401918 0.947697

1.401918 0.947697
0.485220 1.633244

0.485220 1.633244
0.394198 1.599624

0.394198 1.599624
0.485220 1.633244

0.485220 1.633244
1.839520 1.721668

1.839520 1.721668
2.550568 2.513163

2.550568 2.513163
1.877457 2.963874

1.877457 2.963874
2.427582 3.879825

2.427582 3.879825
2.269548 4.785523

2.269548 4.785523
3.049133 6.047952

3.049133 6.047952
3.225900 6.494860

3.225900 6.494860
4.577380 5.574327

4.577380 5.574327
4.444695 4.728080

4.444695 4.728080
5.000000 5.000000

