5.000000 5.000000
7.227552 6.686360

7.227552 6.686360
8.561820 6.501024

8.561820 6.501024
9.222780 6.663325

9.222780 6.663325
9.760033 6.730680

9.760033 6.730680
9.840366 6.787954

9.840366 6.787954
9.760033 6.730680

9.760033 6.730680
9.890115 5.495447

9.890115 5.495447
9.907217 4.703507

9.907217 4.703507
9.890115 5.495447

9.890115 5.495447
8.397725 5.575354

8.397725 5.575354
7.227552 6.686360

7.227552 6.686360
6.042382 7.372609

6.042382 7.372609
4.917632 9.907787

4.917632 9.907787
2.526322 9.074539

2.526322 9.074539
2.372216 9.889859

2.372216 9.889859
0.941389 8.872032

0.941389 8.872032
2.526322 9.074539

2.526322 9.074539
3.225900 6.494860

3.225900 6.494860
4.577380 5.574327

4.577380 5.574327
5.000000 5.000000

