5.050000 4.950000
4.627380 5.524327

4.627380 5.524327
3.099133 5.997952

3.099133 5.997952
1.209507 6.223917

1.209507 6.223917
2.319548 4.735523

2.319548 4.735523
0.692322 4.395505

0.692322 4.395505
2.477582 3.829825

2.477582 3.829825
4.455309 2.846873

4.455309 2.846873
4.488741 2.020916

4.488741 2.020916
5.146997 1.074609

5.146997 1.074609
4.073713 0.591723

4.073713 0.591723
2.864473 0.722896

2.864473 0.722896
2.569502 1.052413

2.569502 1.052413
4.488741 2.020916

4.488741 2.020916
4.455309 2.846873

4.455309 2.846873
4.494695 4.678080

4.494695 4.678080
5.050000 4.950000

