14.931301
10.758992
12.032959
11.607639
11.851190
9.278075
10.112047
11.949603
11.372804
12.153045
8.683234
14.120833
10.894599
12.985564
11.116148
12.833995
11.992262
11.233050
11.556666
12.568056
10.416843
11.992945
12.776157
13.120166
10.997589
11.798501
10.346230
11.334347
11.476102
11.335189
10.554665
9.350641
11.270418
12.002826
11.066227
11.331250
13.056978
10.174603
11.505303
13.441171
11.334615
14.887530
11.189399
10.548491
12.457573
11.098558
10.887103
9.396815
12.184127
11.551406
12.234623
12.234623
12.234623
12.234623
12.234623
12.234623
