32360.000000
32390.000000
32900.000000
33050.000000
33110.000000
34560.000000
34950.000000
35140.000000
35200.000000
35460.000000
36790.000000
37050.000000
37080.000000
37110.000000
37560.000000
39030.000000
39120.000000
39200.000000
39290.000000
39940.000000
40990.000000
41000.000000
41160.000000
41390.000000
41780.000000
42880.000000
43220.000000
43590.000000
43630.000000
43910.000000
44980.000000
45590.000000
45650.000000
45770.000000
45970.000000
47830.000000
47840.000000
48170.000000
48350.000000
53700.000000
54710.000000
54730.000000
54900.000000
55110.000000
55640.000000
56790.000000
57100.000000
57140.000000
57330.000000
57920.000000
26710.000000
26710.000000
26710.000000
26710.000000
26710.000000
26710.000000
26710.000000
26710.000000
26710.000000
26710.000000
26710.000000
26710.000000
26710.000000
26710.000000
26710.000000
26710.000000
26710.000000
26710.000000
26710.000000
26710.000000
26710.000000
26710.000000
26710.000000
26710.000000
26710.000000
26710.000000
26710.000000
26710.000000
26710.000000
26710.000000
26710.000000
26710.000000
26710.000000
26710.000000
26710.000000
26710.000000
26710.000000
26710.000000
26710.000000
26710.000000
26710.000000
26710.000000
26710.000000
26710.000000
26710.000000
26710.000000
26710.000000
26710.000000
26710.000000
26710.000000
26710.000000
26710.000000
26710.000000
26710.000000
26710.000000
26710.000000
26710.000000
26710.000000
26710.000000
26710.000000
26710.000000
26710.000000
26710.000000
26710.000000
26710.000000
26710.000000
26710.000000
26710.000000
26710.000000
26710.000000
26710.000000
26710.000000
26710.000000
26710.000000
26710.000000
26710.000000
26710.000000
26710.000000
26710.000000
26710.000000
26710.000000
26710.000000
26710.000000
26710.000000
26710.000000
26710.000000
26710.000000
26710.000000
26710.000000
26710.000000
26710.000000
26710.000000
26710.000000
26710.000000
26710.000000
26710.000000
26710.000000
26710.000000
26710.000000
26710.000000
26710.000000
26710.000000
26710.000000
26710.000000
26710.000000
26710.000000
26710.000000
26710.000000
26710.000000
26710.000000
26710.000000
26710.000000
26710.000000
26710.000000
26710.000000
26710.000000
26710.000000
26710.000000
26710.000000
26710.000000
26710.000000
26710.000000
26710.000000
26710.000000
26710.000000
26710.000000
26710.000000
26710.000000
26710.000000
26710.000000
26710.000000
26710.000000
26710.000000
26710.000000
26710.000000
26710.000000
26710.000000
26710.000000
26710.000000
