7.855556
7.855556
7.855556
7.855556
7.855556
4.827778
7.855556
4.827778
7.855556
4.827778
7.855556
4.827778
7.855556
4.827778
7.855556
7.855556
7.855556
7.855556
7.855556
7.855556
4.827778
7.855556
4.827778
7.855556
4.827778
7.855556
4.827778
7.855556
4.827778
7.855556
7.855556
7.855556
7.855556
7.855556
4.827778
7.855556
4.827778
7.855556
4.827778
7.855556
4.827778
7.855556
4.827778
7.855556
4.827778
7.855556
7.855556
7.855556
7.855556
7.855556
4.827778
7.855556
4.827778
7.855556
4.827778
7.855556
4.827778
7.855556
4.827778
7.855556
4.827778
7.855556
7.855556
7.855556
7.855556
7.855556
7.855556
4.827778
7.855556
4.827778
7.855556
4.827778
7.855556
4.827778
7.855556
4.827778
13.091667
9.027778
7.736111
7.547222
13.091667
9.027778
7.736111
7.547222
13.091667
9.027778
7.736111
7.547222
13.091667
9.027778
7.736111
7.547222
9.027778
7.736111
7.547222
9.027778
7.736111
7.547222
9.027778
7.736111
7.547222
9.027778
7.736111
7.547222
9.027778
7.736111
7.547222
13.091667
9.027778
7.736111
13.091667
9.027778
7.736111
7.547222
13.091667
9.027778
7.736111
7.547222
13.091667
9.027778
7.736111
7.547222
13.091667
9.027778
7.736111
7.547222
9.027778
7.736111
7.547222
9.027778
7.736111
7.547222
9.027778
7.736111
7.547222
9.027778
7.736111
7.547222
9.027778
7.736111
7.547222
13.091667
9.027778
7.736111
7.547222
13.091667
9.027778
7.736111
7.547222
13.091667
9.027778
7.736111
7.547222
13.091667
9.027778
7.736111
7.547222
9.027778
7.736111
7.547222
9.027778
7.736111
7.547222
9.027778
7.736111
7.547222
9.027778
7.736111
7.547222
9.027778
7.736111
7.547222
9.027778
7.736111
7.547222
1.433333
13.091667
9.027778
7.736111
7.547222
13.091667
9.027778
7.736111
7.547222
13.091667
9.027778
7.736111
7.547222
13.091667
9.027778
7.736111
7.547222
9.027778
7.736111
7.547222
9.027778
7.736111
7.547222
9.027778
7.736111
7.547222
9.027778
7.736111
7.547222
9.027778
7.736111
7.547222
9.027778
7.736111
7.547222
13.091667
9.027778
7.736111
7.547222
13.091667
9.027778
7.736111
7.547222
13.091667
9.027778
7.736111
7.547222
13.091667
9.027778
7.736111
7.547222
13.091667
9.027778
7.736111
7.547222
9.027778
7.736111
7.547222
9.027778
7.736111
7.547222
9.027778
7.736111
7.547222
9.027778
7.736111
7.547222
9.027778
7.736111
7.547222
9.697222
9.502778
8.872222
8.313889
8.161111
7.747222
9.697222
9.502778
8.872222
8.313889
8.161111
7.747222
9.697222
9.502778
8.872222
8.313889
8.161111
7.747222
9.697222
9.502778
8.872222
8.313889
8.161111
7.747222
9.697222
9.502778
8.872222
8.313889
8.161111
7.747222
9.697222
9.502778
8.872222
8.313889
8.161111
7.747222
9.697222
9.502778
8.872222
8.313889
8.161111
7.747222
9.697222
9.502778
8.872222
8.313889
8.161111
7.747222
9.697222
9.502778
8.872222
8.313889
8.161111
7.747222
2.605556
15.811111
9.697222
9.502778
8.872222
8.313889
8.161111
7.747222
9.697222
9.502778
8.872222
8.313889
8.161111
7.747222
9.697222
9.502778
8.872222
8.313889
8.161111
7.747222
9.697222
9.502778
8.872222
8.313889
8.161111
7.747222
9.697222
9.502778
8.872222
8.313889
8.161111
7.747222
9.697222
9.502778
8.872222
8.313889
8.161111
7.747222
9.697222
9.502778
8.872222
8.313889
8.161111
7.747222
9.697222
9.502778
8.872222
8.313889
8.161111
7.747222
9.697222
9.502778
8.872222
8.313889
8.161111
7.747222
9.697222
9.502778
8.872222
8.313889
8.161111
7.747222
2.605556
9.697222
9.502778
8.872222
8.313889
8.161111
7.747222
9.697222
9.502778
8.872222
8.313889
8.161111
7.747222
9.697222
9.502778
8.872222
8.313889
8.161111
7.747222
9.697222
9.502778
8.872222
8.313889
8.161111
7.747222
9.697222
9.502778
8.872222
8.313889
8.161111
7.747222
9.697222
9.502778
8.872222
8.313889
8.161111
7.747222
9.697222
9.502778
8.872222
8.313889
8.161111
7.747222
9.697222
9.502778
8.872222
8.313889
8.161111
7.747222
2.605556
9.697222
9.502778
8.872222
8.313889
8.161111
7.747222
2.605556
9.502778
8.872222
8.313889
8.161111
7.747222
2.605556
9.697222
9.502778
8.872222
8.313889
8.161111
7.747222
9.697222
9.502778
8.872222
8.313889
8.161111
7.747222
9.697222
9.502778
8.872222
8.313889
8.161111
7.747222
9.697222
9.502778
8.872222
8.313889
8.161111
7.747222
9.697222
9.502778
8.872222
8.313889
8.161111
7.747222
9.697222
9.502778
8.872222
8.313889
8.161111
7.747222
9.697222
9.502778
8.872222
8.313889
8.161111
7.747222
9.697222
9.502778
8.872222
8.313889
8.161111
7.747222
9.697222
9.502778
8.872222
8.313889
8.161111
7.747222
2.605556
9.697222
9.502778
8.872222
8.313889
8.161111
7.747222
2.605556
9.697222
9.502778
8.872222
8.313889
8.161111
7.747222
9.697222
9.502778
8.872222
8.313889
8.161111
7.747222
9.697222
9.502778
8.872222
8.313889
8.161111
7.747222
9.697222
9.502778
8.872222
8.313889
8.161111
7.747222
9.697222
9.502778
8.872222
8.313889
8.161111
7.747222
9.697222
9.502778
8.872222
8.313889
8.161111
7.747222
9.697222
9.502778
8.872222
8.313889
8.161111
7.747222
9.697222
9.502778
8.872222
8.313889
8.161111
7.747222
9.697222
9.502778
8.872222
8.313889
8.161111
7.747222
2.605556
9.697222
9.502778
8.872222
8.313889
8.161111
7.747222
2.605556
