5.000000 5.000000
4.473041 4.456960

4.473041 4.456960
4.795095 4.271333

4.795095 4.271333
4.473041 4.456960

4.473041 4.456960
3.865267 5.153849

3.865267 5.153849
4.012426 5.387202

4.012426 5.387202
4.660582 5.856110

4.660582 5.856110
4.783055 5.851889

4.783055 5.851889
5.179047 6.125700

5.179047 6.125700
4.981491 6.510416

4.981491 6.510416
5.078220 6.717873

5.078220 6.717873
4.516278 7.323512

4.516278 7.323512
4.999321 8.552782

4.999321 8.552782
5.579946 8.977193

5.579946 8.977193
4.177652 9.107603

4.177652 9.107603
2.774500 6.889118

2.774500 6.889118
2.724813 6.509038

2.724813 6.509038
1.708784 6.031408

1.708784 6.031408
0.885921 6.118875

0.885921 6.118875
1.955657 5.573789

1.955657 5.573789
2.537528 4.849739

2.537528 4.849739
2.499617 2.701906

2.499617 2.701906
1.892304 2.712032

1.892304 2.712032
1.812439 3.797061

1.812439 3.797061
2.537528 4.849739

2.537528 4.849739
3.516651 5.255929

3.516651 5.255929
3.571372 5.519723

3.571372 5.519723
3.516651 5.255929

3.516651 5.255929
3.868464 4.635917

3.868464 4.635917
4.219897 3.924827

4.219897 3.924827
4.216602 3.507564

4.216602 3.507564
4.526260 1.795943

4.526260 1.795943
4.799937 1.142014

4.799937 1.142014
6.787001 1.131588

6.787001 1.131588
7.309975 1.194568

7.309975 1.194568
7.092981 2.331957

7.092981 2.331957
8.382924 2.099783

8.382924 2.099783
7.092981 2.331957

7.092981 2.331957
6.336566 2.407279

6.336566 2.407279
6.407983 3.212413

6.407983 3.212413
6.236790 4.812096

6.236790 4.812096
6.232864 4.914744

6.232864 4.914744
6.202734 5.807900

6.202734 5.807900
6.573987 6.404455

6.573987 6.404455
6.608677 6.547828

6.608677 6.547828
6.665704 7.750058

6.665704 7.750058
8.394491 7.897727

8.394491 7.897727
8.178082 7.637265

8.178082 7.637265
8.062844 6.549482

8.062844 6.549482
9.231574 6.331606

9.231574 6.331606
8.062844 6.549482

8.062844 6.549482
7.799366 6.477452

7.799366 6.477452
7.897882 6.296151

7.897882 6.296151
6.750214 6.458408

6.750214 6.458408
6.787318 4.895686

6.787318 4.895686
6.236790 4.812096

6.236790 4.812096
5.582485 4.694627

5.582485 4.694627
5.000000 5.000000

5.000000 5.000000
5.000000 5.000000

5.000000 5.000000
5.000000 5.000000

5.000000 5.000000
5.000000 5.000000

5.000000 5.000000
5.000000 5.000000

5.000000 5.000000
5.000000 5.000000

5.000000 5.000000
5.000000 5.000000

5.000000 5.000000
5.000000 5.000000

5.000000 5.000000
5.000000 5.000000

5.000000 5.000000
5.000000 5.000000

5.000000 5.000000
5.000000 5.000000

5.000000 5.000000
5.000000 5.000000

5.000000 5.000000
5.000000 5.000000

5.000000 5.000000
5.000000 5.000000

5.000000 5.000000
5.000000 5.000000

5.000000 5.000000
5.000000 5.000000

5.000000 5.000000
5.000000 5.000000

5.000000 5.000000
5.000000 5.000000

5.000000 5.000000
5.000000 5.000000

5.000000 5.000000
5.000000 5.000000

5.000000 5.000000
5.000000 5.000000

5.000000 5.000000
5.000000 5.000000

5.000000 5.000000
5.000000 5.000000

5.000000 5.000000
5.000000 5.000000

5.000000 5.000000
5.000000 5.000000

5.000000 5.000000
5.000000 5.000000

5.000000 5.000000
5.000000 5.000000

5.000000 5.000000
5.000000 5.000000

5.000000 5.000000
5.000000 5.000000

5.000000 5.000000
5.000000 5.000000

5.000000 5.000000
5.000000 5.000000

5.000000 5.000000
5.000000 5.000000

5.000000 5.000000
5.000000 5.000000

5.000000 5.000000
5.000000 5.000000

5.000000 5.000000
5.000000 5.000000

5.000000 5.000000
5.000000 5.000000

5.000000 5.000000
5.000000 5.000000

5.000000 5.000000
5.000000 5.000000

5.000000 5.000000
5.000000 5.000000

5.000000 5.000000
5.000000 5.000000

5.000000 5.000000
5.000000 5.000000

5.000000 5.000000
5.000000 5.000000

5.000000 5.000000
5.000000 5.000000

