280.000000
1290.000000
1310.000000
1480.000000
1690.000000
2220.000000
3370.000000
3680.000000
3720.000000
3910.000000
4500.000000
5650.000000
5680.000000
6190.000000
6340.000000
6400.000000
7850.000000
8240.000000
8430.000000
8490.000000
8750.000000
10080.000000
10340.000000
10370.000000
10400.000000
10850.000000
12320.000000
12410.000000
12490.000000
12580.000000
13230.000000
14280.000000
14290.000000
14450.000000
14680.000000
15070.000000
16170.000000
16510.000000
16880.000000
16920.000000
17200.000000
18270.000000
18880.000000
18940.000000
19060.000000
19260.000000
21120.000000
21130.000000
21460.000000
21640.000000
26710.000000
26710.000000
26710.000000
26710.000000
26710.000000
26710.000000
26710.000000
26710.000000
26710.000000
26710.000000
26710.000000
26710.000000
26710.000000
26710.000000
26710.000000
26710.000000
26710.000000
26710.000000
26710.000000
26710.000000
26710.000000
26710.000000
26710.000000
26710.000000
26710.000000
26710.000000
26710.000000
26710.000000
26710.000000
26710.000000
26710.000000
26710.000000
26710.000000
26710.000000
26710.000000
26710.000000
26710.000000
26710.000000
26710.000000
26710.000000
26710.000000
26710.000000
26710.000000
26710.000000
26710.000000
26710.000000
26710.000000
26710.000000
26710.000000
26710.000000
26710.000000
26710.000000
26710.000000
26710.000000
26710.000000
26710.000000
26710.000000
26710.000000
26710.000000
26710.000000
26710.000000
26710.000000
26710.000000
26710.000000
26710.000000
26710.000000
26710.000000
26710.000000
26710.000000
26710.000000
26710.000000
26710.000000
26710.000000
26710.000000
26710.000000
26710.000000
26710.000000
26710.000000
26710.000000
26710.000000
26710.000000
26710.000000
26710.000000
26710.000000
26710.000000
26710.000000
26710.000000
26710.000000
26710.000000
26710.000000
26710.000000
26710.000000
26710.000000
26710.000000
26710.000000
26710.000000
26710.000000
26710.000000
26710.000000
26710.000000
26710.000000
26710.000000
26710.000000
26710.000000
26710.000000
26710.000000
26710.000000
26710.000000
26710.000000
26710.000000
26710.000000
26710.000000
26710.000000
26710.000000
26710.000000
26710.000000
26710.000000
26710.000000
26710.000000
26710.000000
26710.000000
26710.000000
26710.000000
26710.000000
26710.000000
26710.000000
26710.000000
26710.000000
26710.000000
26710.000000
26710.000000
26710.000000
26710.000000
26710.000000
26710.000000
26710.000000
26710.000000
26710.000000
26710.000000
26710.000000
26710.000000
26710.000000
26710.000000
26710.000000
26710.000000
26710.000000
26710.000000
26710.000000
26710.000000
26710.000000
26710.000000
26710.000000
26710.000000
26710.000000
26710.000000
26710.000000
26710.000000
26710.000000
26710.000000
26710.000000
26710.000000
26710.000000
26710.000000
26710.000000
26710.000000
26710.000000
26710.000000
26710.000000
26710.000000
26710.000000
26710.000000
26710.000000
26710.000000
26710.000000
26710.000000
26710.000000
26710.000000
26710.000000
26710.000000
26710.000000
26710.000000
26710.000000
26710.000000
26710.000000
26710.000000
26710.000000
26710.000000
26710.000000
26710.000000
26710.000000
26710.000000
26710.000000
26710.000000
26710.000000
26710.000000
26710.000000
26710.000000
26710.000000
26710.000000
26710.000000
