5.000000 5.000000
4.991315 5.169089

5.000000 5.000000
4.818874 4.937961

5.000000 5.000000
4.848651 4.634222

5.000000 5.000000
5.287192 4.941959

5.783276 6.122779
6.792094 4.836175

5.783276 6.122779
4.779426 6.974102

5.783276 6.122779
4.991315 5.169089

5.783276 6.122779
5.712830 6.954881

5.783276 6.122779
7.041106 5.674970

5.783276 6.122779
5.287192 4.941959

5.783276 6.122779
4.266866 5.422968

6.873573 7.859505
6.059681 7.495020

6.873573 7.859505
4.964093 9.060891

6.873573 7.859505
8.522379 6.939440

6.873573 7.859505
7.041106 5.674970

6.792094 4.836175
5.783276 6.122779

6.792094 4.836175
7.041106 5.674970

6.792094 4.836175
5.287192 4.941959

6.792094 4.836175
7.406355 4.791088

6.792094 4.836175
5.446082 4.284477

6.792094 4.836175
7.587796 4.274504

6.792094 4.836175
5.723285 3.273375

7.798604 3.085132
6.993122 1.126310

7.798604 3.085132
8.522379 6.939440

7.798604 3.085132
5.847176 2.916853

7.798604 3.085132
6.222430 2.393619

7.798604 3.085132
7.587796 4.274504

7.798604 3.085132
5.723285 3.273375

7.798604 3.085132
8.894364 2.116592

6.059681 7.495020
6.873573 7.859505

6.059681 7.495020
4.779426 6.974102

6.059681 7.495020
4.964093 9.060891

6.059681 7.495020
5.712830 6.954881

6.059681 7.495020
7.041106 5.674970

4.779426 6.974102
5.783276 6.122779

4.779426 6.974102
6.059681 7.495020

4.779426 6.974102
3.649287 7.315324

4.779426 6.974102
4.964093 9.060891

4.779426 6.974102
5.712830 6.954881

4.779426 6.974102
4.266866 5.422968

3.649287 7.315324
4.779426 6.974102

3.649287 7.315324
4.964093 9.060891

3.649287 7.315324
2.090225 8.186838

3.649287 7.315324
2.759075 6.975534

3.649287 7.315324
4.055910 9.354599

3.649287 7.315324
4.266866 5.422968

2.461485 1.744638
3.273325 3.036344

2.461485 1.744638
1.320506 2.983265

2.461485 1.744638
2.720710 2.891420

2.461485 1.744638
5.221034 1.320365

4.964093 9.060891
6.873573 7.859505

4.964093 9.060891
6.059681 7.495020

4.964093 9.060891
4.779426 6.974102

4.964093 9.060891
3.649287 7.315324

4.964093 9.060891
8.522379 6.939440

4.964093 9.060891
4.055910 9.354599

4.964093 9.060891
5.021861 9.982602

3.273325 3.036344
2.461485 1.744638

3.273325 3.036344
2.720710 2.891420

3.273325 3.036344
5.221034 1.320365

3.273325 3.036344
2.956073 3.530043

3.273325 3.036344
3.547257 3.348596

3.273325 3.036344
5.591518 2.025720

1.320506 2.983265
2.461485 1.744638

1.320506 2.983265
2.720710 2.891420

1.320506 2.983265
2.137163 4.937929

1.320506 2.983265
2.956073 3.530043

1.320506 2.983265
2.640932 4.270416

1.320506 2.983265
0.825065 5.411584

2.720710 2.891420
2.461485 1.744638

2.720710 2.891420
3.273325 3.036344

2.720710 2.891420
1.320506 2.983265

2.720710 2.891420
2.956073 3.530043

2.090225 8.186838
3.649287 7.315324

2.090225 8.186838
2.759075 6.975534

2.090225 8.186838
4.055910 9.354599

2.090225 8.186838
0.825065 5.411584

4.991315 5.169089
5.000000 5.000000

4.991315 5.169089
5.783276 6.122779

4.991315 5.169089
4.818874 4.937961

4.991315 5.169089
5.287192 4.941959

4.991315 5.169089
4.249307 5.192691

4.991315 5.169089
4.266866 5.422968

5.712830 6.954881
5.783276 6.122779

5.712830 6.954881
6.059681 7.495020

5.712830 6.954881
4.779426 6.974102

5.712830 6.954881
7.041106 5.674970

4.818874 4.937961
5.000000 5.000000

4.818874 4.937961
4.991315 5.169089

4.818874 4.937961
4.848651 4.634222

4.818874 4.937961
4.655019 4.662573

4.818874 4.937961
4.249307 5.192691

6.993122 1.126310
7.798604 3.085132

6.993122 1.126310
5.221034 1.320365

6.993122 1.126310
6.222430 2.393619

6.993122 1.126310
5.591518 2.025720

6.993122 1.126310
7.720372 1.393513

2.137163 4.937929
1.320506 2.983265

2.137163 4.937929
2.759075 6.975534

2.137163 4.937929
4.249307 5.192691

2.137163 4.937929
2.640932 4.270416

2.137163 4.937929
0.825065 5.411584

2.137163 4.937929
4.266866 5.422968

4.848651 4.634222
5.000000 5.000000

4.848651 4.634222
4.818874 4.937961

4.848651 4.634222
4.641678 4.553868

4.848651 4.634222
5.230696 4.389364

4.848651 4.634222
5.287192 4.941959

4.848651 4.634222
4.655019 4.662573

4.848651 4.634222
4.732975 4.417483

5.221034 1.320365
2.461485 1.744638

5.221034 1.320365
3.273325 3.036344

5.221034 1.320365
6.993122 1.126310

5.221034 1.320365
5.591518 2.025720

4.641678 4.553868
4.848651 4.634222

4.641678 4.553868
4.655019 4.662573

4.641678 4.553868
4.732975 4.417483

4.641678 4.553868
4.427907 4.545678

2.759075 6.975534
3.649287 7.315324

2.759075 6.975534
2.090225 8.186838

2.759075 6.975534
2.137163 4.937929

2.759075 6.975534
0.825065 5.411584

2.759075 6.975534
4.266866 5.422968

8.522379 6.939440
6.873573 7.859505

8.522379 6.939440
7.798604 3.085132

8.522379 6.939440
4.964093 9.060891

8.522379 6.939440
7.041106 5.674970

8.522379 6.939440
7.406355 4.791088

8.522379 6.939440
7.587796 4.274504

8.522379 6.939440
9.164094 7.728687

5.230696 4.389364
4.848651 4.634222

5.230696 4.389364
5.287192 4.941959

5.230696 4.389364
4.520905 3.792575

5.230696 4.389364
4.732975 4.417483

5.230696 4.389364
5.446082 4.284477

5.847176 2.916853
7.798604 3.085132

5.847176 2.916853
6.222430 2.393619

5.847176 2.916853
4.520905 3.792575

5.847176 2.916853
5.723285 3.273375

5.847176 2.916853
5.591518 2.025720

7.041106 5.674970
5.783276 6.122779

7.041106 5.674970
6.873573 7.859505

7.041106 5.674970
6.792094 4.836175

7.041106 5.674970
6.059681 7.495020

7.041106 5.674970
5.712830 6.954881

7.041106 5.674970
8.522379 6.939440

7.041106 5.674970
7.406355 4.791088

3.744403 4.155299
4.520905 3.792575

3.744403 4.155299
2.956073 3.530043

3.744403 4.155299
4.249307 5.192691

3.744403 4.155299
2.640932 4.270416

3.744403 4.155299
4.427907 4.545678

3.744403 4.155299
3.547257 3.348596

5.287192 4.941959
5.000000 5.000000

5.287192 4.941959
5.783276 6.122779

5.287192 4.941959
6.792094 4.836175

5.287192 4.941959
4.991315 5.169089

5.287192 4.941959
4.848651 4.634222

5.287192 4.941959
5.230696 4.389364

5.287192 4.941959
5.446082 4.284477

7.406355 4.791088
6.792094 4.836175

7.406355 4.791088
8.522379 6.939440

7.406355 4.791088
7.041106 5.674970

7.406355 4.791088
7.587796 4.274504

6.222430 2.393619
7.798604 3.085132

6.222430 2.393619
6.993122 1.126310

6.222430 2.393619
5.847176 2.916853

6.222430 2.393619
5.591518 2.025720

4.520905 3.792575
5.230696 4.389364

4.520905 3.792575
5.847176 2.916853

4.520905 3.792575
3.744403 4.155299

4.520905 3.792575
4.732975 4.417483

4.520905 3.792575
5.446082 4.284477

4.520905 3.792575
5.723285 3.273375

4.520905 3.792575
4.427907 4.545678

4.520905 3.792575
3.547257 3.348596

4.520905 3.792575
5.591518 2.025720

4.655019 4.662573
4.818874 4.937961

4.655019 4.662573
4.848651 4.634222

4.655019 4.662573
4.641678 4.553868

4.655019 4.662573
4.249307 5.192691

4.655019 4.662573
4.427907 4.545678

2.956073 3.530043
3.273325 3.036344

2.956073 3.530043
1.320506 2.983265

2.956073 3.530043
2.720710 2.891420

2.956073 3.530043
3.744403 4.155299

2.956073 3.530043
2.640932 4.270416

2.956073 3.530043
3.547257 3.348596

4.732975 4.417483
4.848651 4.634222

4.732975 4.417483
4.641678 4.553868

4.732975 4.417483
5.230696 4.389364

4.732975 4.417483
4.520905 3.792575

4.732975 4.417483
4.427907 4.545678

5.446082 4.284477
6.792094 4.836175

5.446082 4.284477
5.230696 4.389364

5.446082 4.284477
5.287192 4.941959

5.446082 4.284477
4.520905 3.792575

5.446082 4.284477
5.723285 3.273375

4.249307 5.192691
4.991315 5.169089

4.249307 5.192691
4.818874 4.937961

4.249307 5.192691
2.137163 4.937929

4.249307 5.192691
3.744403 4.155299

4.249307 5.192691
4.655019 4.662573

4.249307 5.192691
2.640932 4.270416

4.249307 5.192691
4.427907 4.545678

4.249307 5.192691
4.266866 5.422968

2.640932 4.270416
1.320506 2.983265

2.640932 4.270416
2.137163 4.937929

2.640932 4.270416
3.744403 4.155299

2.640932 4.270416
2.956073 3.530043

2.640932 4.270416
4.249307 5.192691

7.587796 4.274504
6.792094 4.836175

7.587796 4.274504
7.798604 3.085132

7.587796 4.274504
8.522379 6.939440

7.587796 4.274504
7.406355 4.791088

7.587796 4.274504
5.723285 3.273375

4.055910 9.354599
3.649287 7.315324

4.055910 9.354599
4.964093 9.060891

4.055910 9.354599
2.090225 8.186838

4.055910 9.354599
3.957306 8.899560

0.825065 5.411584
1.320506 2.983265

0.825065 5.411584
2.090225 8.186838

0.825065 5.411584
2.137163 4.937929

0.825065 5.411584
2.759075 6.975534

5.723285 3.273375
6.792094 4.836175

5.723285 3.273375
7.798604 3.085132

5.723285 3.273375
5.847176 2.916853

5.723285 3.273375
4.520905 3.792575

5.723285 3.273375
5.446082 4.284477

5.723285 3.273375
7.587796 4.274504

4.427907 4.545678
4.641678 4.553868

4.427907 4.545678
3.744403 4.155299

4.427907 4.545678
4.520905 3.792575

4.427907 4.545678
4.655019 4.662573

4.427907 4.545678
4.732975 4.417483

4.427907 4.545678
4.249307 5.192691

3.547257 3.348596
3.273325 3.036344

3.547257 3.348596
3.744403 4.155299

3.547257 3.348596
4.520905 3.792575

3.547257 3.348596
2.956073 3.530043

3.547257 3.348596
5.591518 2.025720

4.266866 5.422968
5.783276 6.122779

4.266866 5.422968
4.779426 6.974102

4.266866 5.422968
3.649287 7.315324

4.266866 5.422968
4.991315 5.169089

4.266866 5.422968
2.137163 4.937929

4.266866 5.422968
2.759075 6.975534

4.266866 5.422968
4.249307 5.192691

5.591518 2.025720
3.273325 3.036344

5.591518 2.025720
6.993122 1.126310

5.591518 2.025720
5.221034 1.320365

5.591518 2.025720
5.847176 2.916853

5.591518 2.025720
6.222430 2.393619

5.591518 2.025720
4.520905 3.792575

5.591518 2.025720
3.547257 3.348596

8.894364 2.116592
7.798604 3.085132

3.957306 8.899560
4.055910 9.354599

9.164094 7.728687
8.522379 6.939440

7.720372 1.393513
6.993122 1.126310

5.021861 9.982602
4.964093 9.060891

