5.050000 5.050000
5.408971 5.017185

5.408971 5.017185
4.561410 3.869184

4.561410 3.869184
6.177698 2.858286

6.177698 2.858286
5.955016 0.499385

5.955016 0.499385
6.177698 2.858286

6.177698 2.858286
6.780065 0.919988

6.780065 0.919988
6.177698 2.858286

6.177698 2.858286
6.839204 1.195741

6.839204 1.195741
6.177698 2.858286

6.177698 2.858286
8.048906 2.998081

8.048906 2.998081
9.255579 4.195136

9.255579 4.195136
8.048906 2.998081

8.048906 2.998081
9.390494 3.905821

9.390494 3.905821
8.048906 2.998081

8.048906 2.998081
8.956004 1.963166

8.956004 1.963166
8.048906 2.998081

8.048906 2.998081
5.408971 5.017185

5.408971 5.017185
5.050000 5.050000

