5.030000 4.950000
4.531823 5.107410

4.531823 5.107410
4.476201 5.388565

4.476201 5.388565
4.195683 6.039917

4.195683 6.039917
4.107691 6.196125

4.107691 6.196125
3.692887 7.329630

3.692887 7.329630
3.270627 6.051998

3.270627 6.051998
0.864272 7.210784

0.864272 7.210784
3.270627 6.051998

3.270627 6.051998
1.369443 6.077506

1.369443 6.077506
3.270627 6.051998

3.270627 6.051998
3.934405 5.306168

3.934405 5.306168
4.260056 4.978732

4.260056 4.978732
4.390653 5.004005

4.390653 5.004005
3.982454 4.566048

3.982454 4.566048
4.198150 4.141039

4.198150 4.141039
3.982454 4.566048

3.982454 4.566048
2.514920 4.510217

2.514920 4.510217
0.676227 3.203697

0.676227 3.203697
2.514920 4.510217

2.514920 4.510217
3.982454 4.566048

3.982454 4.566048
4.390653 5.004005

4.390653 5.004005
5.030000 4.950000

