4.990000 4.990000
5.854433 4.728530

5.854433 4.728530
6.006474 3.912943

6.006474 3.912943
6.343169 3.729303

6.343169 3.729303
6.006474 3.912943

6.006474 3.912943
5.854433 4.728530

5.854433 4.728530
5.651183 5.231511

5.651183 5.231511
5.798270 5.998222

5.798270 5.998222
6.147730 6.970108

6.147730 6.970108
6.710234 8.310212

6.710234 8.310212
6.147730 6.970108

6.147730 6.970108
5.835014 6.944058

5.835014 6.944058
5.798270 5.998222

5.798270 5.998222
6.273511 5.708459

6.273511 5.708459
6.761825 5.950058

6.761825 5.950058
7.013684 6.095215

7.013684 6.095215
6.761825 5.950058

6.761825 5.950058
6.273511 5.708459

6.273511 5.708459
5.651183 5.231511

5.651183 5.231511
4.990000 4.990000

