4.950000 4.880000
4.310653 4.934005

4.310653 4.934005
3.902454 4.496048

3.902454 4.496048
2.434920 4.440217

2.434920 4.440217
1.294627 3.217888

1.294627 3.217888
2.434920 4.440217

2.434920 4.440217
2.995221 3.468449

2.995221 3.468449
4.118150 4.071039

4.118150 4.071039
4.499068 3.914632

4.499068 3.914632
4.783234 3.906510

4.783234 3.906510
4.562124 2.784011

4.562124 2.784011
3.306390 0.782732

3.306390 0.782732
4.562124 2.784011

4.562124 2.784011
5.986717 2.732100

5.986717 2.732100
5.356700 0.035030

5.356700 0.035030
5.986717 2.732100

5.986717 2.732100
5.799267 3.553010

5.799267 3.553010
5.966474 3.802943

5.966474 3.802943
5.814433 4.618530

5.814433 4.618530
4.950000 4.880000

