5.030000 4.930000
5.004601 5.157316

5.004601 5.157316
5.979503 6.379161

5.979503 6.379161
4.872672 7.993129

4.872672 7.993129
4.990760 9.367804

4.990760 9.367804
6.322973 8.475880

6.322973 8.475880
6.457500 8.291051

6.457500 8.291051
8.409592 8.402531

8.409592 8.402531
6.457500 8.291051

6.457500 8.291051
7.797464 8.500479

7.797464 8.500479
6.457500 8.291051

6.457500 8.291051
6.683732 7.300527

6.683732 7.300527
9.754575 6.223962

9.754575 6.223962
6.683732 7.300527

6.683732 7.300527
9.101602 5.910886

9.101602 5.910886
6.683732 7.300527

6.683732 7.300527
9.160272 7.477752

9.160272 7.477752
6.683732 7.300527

6.683732 7.300527
5.979503 6.379161

5.979503 6.379161
5.004601 5.157316

5.004601 5.157316
5.030000 4.930000

