12.130668
12.690214
12.385514
12.193819
14.049366
15.536004
12.758964
12.840616
11.806513
12.997401
11.744717
12.913472
13.102336
13.875564
12.504718
11.789636
15.265396
11.860582
14.644929
12.696956
13.508984
12.814303
12.372704
13.676873
12.649187
14.820429
11.884604
11.911375
13.394596
12.140722
12.642310
15.432788
13.202273
12.365742
12.321765
13.911389
14.108305
13.820231
13.208006
12.669032
12.222936
11.977785
13.032093
12.234523
12.484335
12.023589
12.348970
11.612593
13.615741
11.881074
