8.739728
9.074311
8.936700
8.774933
9.790117
10.821939
9.113822
9.142994
8.398011
9.226100
8.190083
9.181472
9.330217
9.670517
8.937789
8.432672
10.710356
8.490561
10.267650
9.089811
9.462756
9.142522
8.904983
9.633200
9.041239
10.423822
8.546994
8.535189
9.375872
8.722911
9.076461
10.738828
9.307322
8.916833
8.824944
9.835833
9.907711
9.684256
9.291611
9.074539
8.785633
8.535994
9.203872
8.760083
8.990594
8.618411
8.836872
8.113067
9.513817
8.537139
8.537139
7.567006
7.567006
7.567006
7.567006
7.567006
7.567006
7.567006
7.567006
7.567006
7.567006
7.567006
