13.166667
12.424242
11.742424
13.166667
11.154762
11.166667
12.378788
13.416667
13.966667
13.100000
13.466667
10.690476
16.666667
15.537037
12.075758
19.357143
11.333333
12.923077
14.759259
12.484848
12.069444
15.116667
11.816667
10.888889
14.116667
13.136364
13.366667
11.038462
14.111111
12.483333
11.397436
11.013889
11.038462
13.833333
13.621212
13.316667
11.261905
11.575758
11.222222
13.069444
15.722222
12.305556
14.481481
15.796296
14.833333
12.041667
13.500000
13.984848
13.366667
11.791667
