15310.000000
15650.000000
15880.000000
16790.000000
17260.000000
17450.000000
17980.000000
18130.000000
19680.000000
19680.000000
20110.000000
20300.000000
21720.000000
21830.000000
24480.000000
28260.000000
28670.000000
29170.000000
29780.000000
30140.000000
30240.000000
30560.000000
31190.000000
32270.000000
32410.000000
32740.000000
32910.000000
33280.000000
34160.000000
34380.000000
34680.000000
34910.000000
35390.000000
36300.000000
36700.000000
36720.000000
36940.000000
37700.000000
38180.000000
38790.000000
38840.000000
39060.000000
40060.000000
40400.000000
40880.000000
41350.000000
41670.000000
41940.000000
42710.000000
43330.000000
28150.000000
28150.000000
28150.000000
28150.000000
28150.000000
28150.000000
28150.000000
28150.000000
28150.000000
28150.000000
28150.000000
28150.000000
28150.000000
28150.000000
28150.000000
28150.000000
28150.000000
28150.000000
28150.000000
28150.000000
28150.000000
28150.000000
28150.000000
28150.000000
28150.000000
28150.000000
28150.000000
28150.000000
28150.000000
28150.000000
28150.000000
28150.000000
28150.000000
28150.000000
28150.000000
28150.000000
28150.000000
28150.000000
28150.000000
28150.000000
28150.000000
28150.000000
28150.000000
28150.000000
28150.000000
28150.000000
28150.000000
28150.000000
28150.000000
28150.000000
28150.000000
28150.000000
28150.000000
28150.000000
28150.000000
28150.000000
28150.000000
28150.000000
28150.000000
28150.000000
28150.000000
28150.000000
28150.000000
28150.000000
28150.000000
28150.000000
28150.000000
28150.000000
28150.000000
28150.000000
28150.000000
28150.000000
28150.000000
28150.000000
28150.000000
28150.000000
28150.000000
28150.000000
28150.000000
28150.000000
28150.000000
28150.000000
28150.000000
28150.000000
28150.000000
28150.000000
28150.000000
28150.000000
28150.000000
28150.000000
28150.000000
28150.000000
28150.000000
28150.000000
28150.000000
28150.000000
28150.000000
28150.000000
28150.000000
28150.000000
28150.000000
28150.000000
28150.000000
28150.000000
28150.000000
28150.000000
28150.000000
28150.000000
28150.000000
28150.000000
28150.000000
28150.000000
28150.000000
28150.000000
28150.000000
28150.000000
28150.000000
28150.000000
28150.000000
28150.000000
28150.000000
28150.000000
28150.000000
28150.000000
28150.000000
28150.000000
28150.000000
28150.000000
28150.000000
28150.000000
28150.000000
28150.000000
28150.000000
28150.000000
28150.000000
28150.000000
28150.000000
28150.000000
28150.000000
28150.000000
28150.000000
28150.000000
28150.000000
28150.000000
28150.000000
28150.000000
28150.000000
28150.000000
28150.000000
28150.000000
28150.000000
28150.000000
28150.000000
28150.000000
28150.000000
28150.000000
28150.000000
28150.000000
28150.000000
28150.000000
28150.000000
28150.000000
28150.000000
28150.000000
28150.000000
28150.000000
28150.000000
28150.000000
28150.000000
28150.000000
28150.000000
28150.000000
28150.000000
28150.000000
28150.000000
28150.000000
28150.000000
28150.000000
28150.000000
28150.000000
28150.000000
28150.000000
28150.000000
28150.000000
28150.000000
28150.000000
28150.000000
28150.000000
28150.000000
28150.000000
28150.000000
28150.000000
28150.000000
28150.000000
28150.000000
28150.000000
28150.000000
28150.000000
28150.000000
28150.000000
28150.000000
28150.000000
28150.000000
28150.000000
28150.000000
28150.000000
28150.000000
28150.000000
28150.000000
28150.000000
28150.000000
28150.000000
28150.000000
28150.000000
28150.000000
28150.000000
28150.000000
28150.000000
28150.000000
28150.000000
28150.000000
28150.000000
28150.000000
28150.000000
28150.000000
28150.000000
28150.000000
28150.000000
28150.000000
28150.000000
28150.000000
28150.000000
28150.000000
28150.000000
28150.000000
28150.000000
28150.000000
28150.000000
28150.000000
28150.000000
28150.000000
28150.000000
28150.000000
28150.000000
28150.000000
28150.000000
28150.000000
28150.000000
28150.000000
28150.000000
28150.000000
28150.000000
28150.000000
28150.000000
28150.000000
28150.000000
28150.000000
28150.000000
28150.000000
28150.000000
28150.000000
28150.000000
28150.000000
28150.000000
28150.000000
28150.000000
28150.000000
28150.000000
28150.000000
28150.000000
28150.000000
28150.000000
28150.000000
28150.000000
28150.000000
28150.000000
28150.000000
28150.000000
28150.000000
28150.000000
28150.000000
28150.000000
28150.000000
28150.000000
28150.000000
28150.000000
28150.000000
28150.000000
28150.000000
28150.000000
28150.000000
28150.000000
28150.000000
28150.000000
28150.000000
28150.000000
28150.000000
28150.000000
28150.000000
28150.000000
28150.000000
28150.000000
28150.000000
28150.000000
28150.000000
28150.000000
28150.000000
28150.000000
28150.000000
28150.000000
28150.000000
28150.000000
28150.000000
28150.000000
28150.000000
28150.000000
28150.000000
28150.000000
28150.000000
28150.000000
28150.000000
28150.000000
28150.000000
28150.000000
28150.000000
28150.000000
28150.000000
28150.000000
28150.000000
28150.000000
28150.000000
28150.000000
28150.000000
28150.000000
28150.000000
28150.000000
28150.000000
28150.000000
28150.000000
28150.000000
28150.000000
28150.000000
28150.000000
28150.000000
28150.000000
28150.000000
28150.000000
28150.000000
28150.000000
28150.000000
28150.000000
28150.000000
28150.000000
28150.000000
28150.000000
28150.000000
28150.000000
28150.000000
28150.000000
28150.000000
28150.000000
28150.000000
28150.000000
28150.000000
28150.000000
28150.000000
28150.000000
28150.000000
28150.000000
28150.000000
28150.000000
28150.000000
28150.000000
28150.000000
28150.000000
28150.000000
28150.000000
28150.000000
28150.000000
28150.000000
28150.000000
28150.000000
28150.000000
28150.000000
28150.000000
28150.000000
28150.000000
28150.000000
28150.000000
28150.000000
28150.000000
28150.000000
28150.000000
28150.000000
28150.000000
28150.000000
28150.000000
28150.000000
28150.000000
28150.000000
28150.000000
28150.000000
28150.000000
28150.000000
28150.000000
28150.000000
28150.000000
28150.000000
28150.000000
28150.000000
28150.000000
28150.000000
28150.000000
28150.000000
28150.000000
