3.802778
3.802778
3.022222
3.802778
3.022222
3.802778
3.802778
3.022222
3.802778
3.022222
3.802778
3.022222
3.802778
3.802778
3.022222
3.802778
3.022222
3.802778
3.802778
3.802778
3.022222
3.802778
3.022222
3.802778
3.022222
3.802778
3.802778
3.022222
3.802778
3.022222
3.802778
3.022222
3.802778
3.022222
11.622222
10.841667
11.622222
10.841667
11.622222
10.841667
5.855556
11.622222
10.841667
5.855556
11.622222
10.841667
5.855556
11.622222
10.841667
5.855556
10.841667
5.855556
5.855556
5.855556
11.622222
10.841667
11.622222
10.841667
11.622222
10.841667
11.622222
10.841667
5.855556
11.622222
10.841667
5.855556
11.622222
10.841667
5.855556
10.841667
5.855556
5.855556
5.855556
5.855556
11.622222
10.841667
11.622222
10.841667
11.622222
10.841667
11.622222
10.841667
5.855556
11.622222
10.841667
5.855556
11.622222
10.841667
5.855556
11.622222
10.841667
5.855556
10.841667
5.855556
5.855556
5.855556
11.622222
10.841667
11.622222
10.841667
11.622222
10.841667
5.855556
11.622222
10.841667
5.855556
11.622222
10.841667
5.855556
10.841667
5.855556
10.841667
5.855556
5.855556
5.855556
5.855556
11.622222
10.841667
11.622222
10.841667
11.622222
10.841667
5.855556
11.622222
10.841667
5.855556
11.622222
10.841667
5.855556
10.841667
5.855556
5.855556
5.855556
5.855556
5.855556
0.769444
13.675000
8.588889
7.597222
13.675000
8.588889
7.597222
8.588889
7.597222
8.588889
7.597222
8.588889
7.597222
8.588889
7.597222
8.588889
7.597222
8.588889
7.597222
8.588889
7.597222
13.675000
8.588889
7.597222
13.675000
8.588889
7.597222
13.675000
8.588889
7.597222
8.588889
7.597222
8.588889
7.597222
8.588889
7.597222
8.588889
7.597222
8.588889
7.597222
8.588889
7.597222
8.588889
7.597222
1.416667
13.675000
8.588889
7.597222
13.675000
8.588889
7.597222
13.675000
8.588889
7.597222
8.588889
7.597222
8.588889
7.597222
8.588889
7.597222
8.588889
7.597222
8.588889
7.597222
8.588889
7.597222
8.588889
7.597222
13.675000
8.588889
7.597222
13.675000
8.588889
7.597222
8.588889
7.597222
8.588889
7.597222
8.588889
7.597222
8.588889
7.597222
8.588889
7.597222
8.588889
7.597222
8.588889
7.597222
8.588889
7.597222
1.416667
13.675000
8.588889
7.597222
13.675000
8.588889
7.597222
8.588889
7.597222
8.588889
7.597222
8.588889
7.597222
8.588889
7.597222
8.588889
7.597222
8.588889
7.597222
8.588889
7.597222
7.597222
1.416667
1.186111
9.236111
9.005556
7.355556
7.002778
9.236111
9.005556
7.355556
7.002778
9.236111
9.005556
7.355556
7.002778
9.236111
9.005556
7.355556
7.002778
9.236111
9.005556
7.355556
7.002778
4.819444
9.236111
9.005556
7.355556
7.002778
4.819444
9.236111
9.005556
7.355556
7.002778
4.819444
9.236111
9.005556
7.355556
7.002778
4.819444
9.236111
9.005556
7.355556
7.002778
4.819444
9.236111
9.005556
7.355556
9.236111
9.005556
7.355556
7.002778
9.236111
9.005556
7.355556
7.002778
9.236111
9.005556
7.355556
7.002778
9.236111
9.005556
7.355556
7.002778
4.819444
9.236111
9.005556
7.355556
7.002778
4.819444
9.236111
9.005556
7.355556
7.002778
4.819444
9.236111
9.005556
7.355556
7.002778
4.819444
9.236111
9.005556
7.355556
7.002778
4.819444
9.005556
7.355556
7.002778
4.819444
9.236111
9.005556
7.355556
9.236111
9.005556
7.355556
7.002778
9.236111
9.005556
7.355556
7.002778
9.236111
9.005556
7.355556
7.002778
9.236111
9.005556
7.355556
7.002778
9.236111
9.005556
7.355556
7.002778
4.819444
9.236111
9.005556
7.355556
7.002778
4.819444
9.236111
9.005556
7.355556
7.002778
4.819444
9.236111
9.005556
7.355556
7.002778
4.819444
9.236111
9.005556
7.355556
7.002778
4.819444
9.236111
9.005556
7.355556
7.002778
9.236111
9.005556
7.355556
7.002778
9.236111
9.005556
7.355556
7.002778
9.236111
9.005556
7.355556
7.002778
9.236111
9.005556
7.355556
7.002778
4.819444
9.236111
9.005556
7.355556
7.002778
4.819444
9.236111
9.005556
7.355556
7.002778
4.819444
9.236111
9.005556
7.355556
7.002778
4.819444
9.236111
9.005556
7.355556
7.002778
4.819444
9.005556
7.355556
7.002778
4.819444
9.236111
9.005556
7.355556
7.002778
9.236111
9.005556
7.355556
7.002778
9.236111
9.005556
7.355556
7.002778
9.236111
9.005556
7.355556
7.002778
9.236111
9.005556
7.355556
7.002778
4.819444
9.236111
9.005556
7.355556
7.002778
4.819444
9.236111
9.005556
7.355556
7.002778
4.819444
9.236111
9.005556
7.355556
7.002778
4.819444
9.236111
9.005556
7.355556
7.002778
4.819444
7.355556
7.002778
4.819444
12.638889
12.638889
12.638889
12.638889
14.822222
12.638889
12.638889
12.638889
12.638889
14.822222
12.638889
12.638889
12.638889
12.638889
12.638889
12.638889
12.638889
12.638889
12.638889
12.638889
12.638889
12.638889
12.638889
5.347222
5.347222
5.347222
5.347222
5.347222
5.347222
5.347222
5.347222
5.347222
5.347222
5.347222
5.347222
5.347222
5.347222
5.347222
5.347222
5.347222
5.347222
5.347222
5.347222
5.347222
5.347222
5.347222
5.347222
5.347222
5.347222
5.347222
5.347222
5.347222
5.347222
5.347222
5.347222
5.347222
13.166667
13.166667
13.166667
3.905556
3.905556
3.905556
13.166667
13.166667
13.166667
3.905556
3.905556
3.905556
3.905556
13.166667
13.166667
13.166667
13.166667
3.905556
3.905556
3.905556
3.905556
13.166667
13.166667
13.166667
3.905556
3.905556
3.905556
3.905556
3.905556
13.166667
13.166667
13.166667
3.905556
3.905556
3.905556
3.905556
3.905556
11.725000
11.725000
11.725000
11.725000
11.725000
11.725000
11.725000
11.725000
11.725000
11.725000
11.725000
11.725000
11.725000
11.725000
11.725000
11.725000
11.725000
11.725000
11.725000
11.725000
11.725000
11.725000
11.725000
11.725000
11.725000
11.725000
11.725000
11.725000
8.027778
8.027778
8.027778
8.027778
8.027778
8.027778
8.027778
8.027778
8.027778
8.027778
8.027778
8.027778
8.027778
8.027778
8.027778
8.027778
8.027778
8.027778
8.027778
8.027778
8.027778
8.027778
8.027778
8.027778
8.027778
8.027778
8.027778
8.027778
8.027778
8.027778
8.027778
8.027778
8.027778
8.027778
8.027778
8.027778
8.027778
8.027778
8.027778
8.027778
8.027778
8.027778
8.027778
8.027778
8.027778
8.027778
8.027778
8.027778
8.027778
