5.000000 5.000000
5.287192 4.941959

5.287192 4.941959
5.000000 5.000000

5.000000 5.000000
4.818874 4.937961

4.818874 4.937961
4.249307 5.192691

4.249307 5.192691
4.266866 5.422968

4.266866 5.422968
4.249307 5.192691

4.249307 5.192691
4.655019 4.662573

4.655019 4.662573
4.848651 4.634222

4.848651 4.634222
4.641678 4.553868

4.641678 4.553868
4.427907 4.545678

4.427907 4.545678
3.744403 4.155299

3.744403 4.155299
3.547257 3.348596

3.547257 3.348596
3.273325 3.036344

3.273325 3.036344
2.956073 3.530043

2.956073 3.530043
2.640932 4.270416

2.640932 4.270416
2.137163 4.937929

2.137163 4.937929
0.825065 5.411584

0.825065 5.411584
1.320506 2.983265

1.320506 2.983265
2.720710 2.891420

2.720710 2.891420
2.461485 1.744638

2.461485 1.744638
3.273325 3.036344

3.273325 3.036344
3.547257 3.348596

3.547257 3.348596
4.520905 3.792575

4.520905 3.792575
4.732975 4.417483

4.732975 4.417483
4.641678 4.553868

4.641678 4.553868
4.655019 4.662573

4.655019 4.662573
4.848651 4.634222

4.848651 4.634222
5.230696 4.389364

5.230696 4.389364
5.446082 4.284477

5.446082 4.284477
5.723285 3.273375

5.723285 3.273375
5.847176 2.916853

5.847176 2.916853
6.222430 2.393619

6.222430 2.393619
5.591518 2.025720

5.591518 2.025720
5.221034 1.320365

5.221034 1.320365
6.993122 1.126310

6.993122 1.126310
7.720372 1.393513

7.720372 1.393513
6.993122 1.126310

6.993122 1.126310
7.798604 3.085132

7.798604 3.085132
8.894364 2.116592

8.894364 2.116592
7.798604 3.085132

7.798604 3.085132
7.587796 4.274504

7.587796 4.274504
7.406355 4.791088

7.406355 4.791088
6.792094 4.836175

6.792094 4.836175
7.041106 5.674970

7.041106 5.674970
5.783276 6.122779

5.783276 6.122779
5.712830 6.954881

5.712830 6.954881
4.779426 6.974102

4.779426 6.974102
3.649287 7.315324

3.649287 7.315324
2.759075 6.975534

2.759075 6.975534
2.090225 8.186838

2.090225 8.186838
4.055910 9.354599

4.055910 9.354599
3.957306 8.899560

3.957306 8.899560
4.055910 9.354599

4.055910 9.354599
4.964093 9.060891

4.964093 9.060891
5.021861 9.982602

5.021861 9.982602
4.964093 9.060891

4.964093 9.060891
6.059681 7.495020

6.059681 7.495020
6.873573 7.859505

6.873573 7.859505
8.522379 6.939440

8.522379 6.939440
9.164094 7.728687

9.164094 7.728687
8.522379 6.939440

8.522379 6.939440
6.873573 7.859505

6.873573 7.859505
6.059681 7.495020

6.059681 7.495020
5.712830 6.954881

5.712830 6.954881
5.783276 6.122779

5.783276 6.122779
4.991315 5.169089

4.991315 5.169089
5.000000 5.000000

5.000000 5.000000
5.000000 5.000000

5.000000 5.000000
5.000000 5.000000

5.000000 5.000000
5.000000 5.000000

5.000000 5.000000
5.000000 5.000000

5.000000 5.000000
5.000000 5.000000

5.000000 5.000000
5.000000 5.000000

5.000000 5.000000
5.000000 5.000000

5.000000 5.000000
5.000000 5.000000

5.000000 5.000000
5.000000 5.000000

5.000000 5.000000
5.000000 5.000000

5.000000 5.000000
5.000000 5.000000

5.000000 5.000000
5.000000 5.000000

5.000000 5.000000
5.000000 5.000000

5.000000 5.000000
5.000000 5.000000

5.000000 5.000000
5.000000 5.000000

5.000000 5.000000
5.000000 5.000000

5.000000 5.000000
5.000000 5.000000

5.000000 5.000000
5.000000 5.000000

5.000000 5.000000
5.000000 5.000000

5.000000 5.000000
5.000000 5.000000

5.000000 5.000000
5.000000 5.000000

5.000000 5.000000
5.000000 5.000000

5.000000 5.000000
5.000000 5.000000

5.000000 5.000000
5.000000 5.000000

5.000000 5.000000
5.000000 5.000000

5.000000 5.000000
5.000000 5.000000

5.000000 5.000000
5.000000 5.000000

5.000000 5.000000
5.000000 5.000000

5.000000 5.000000
5.000000 5.000000

5.000000 5.000000
5.000000 5.000000

5.000000 5.000000
5.000000 5.000000

5.000000 5.000000
5.000000 5.000000

