130.000000
1820.000000
1840.000000
2060.000000
2450.000000
2450.000000
4220.000000
4340.000000
4490.000000
4550.000000
4940.000000
6690.000000
6850.000000
7040.000000
7200.000000
7600.000000
8970.000000
9850.000000
10250.000000
10770.000000
11000.000000
11250.000000
12510.000000
12760.000000
13340.000000
13880.000000
14190.000000
15490.000000
15970.000000
16380.000000
16630.000000
17320.000000
18670.000000
19360.000000
19470.000000
19480.000000
19740.000000
20960.000000
21670.000000
21680.000000
22750.000000
23190.000000
23810.000000
23970.000000
24140.000000
25640.000000
26300.000000
26310.000000
27300.000000
28680.000000
32610.000000
32610.000000
32610.000000
32610.000000
32610.000000
32610.000000
32610.000000
32610.000000
32610.000000
32610.000000
32610.000000
32610.000000
32610.000000
32610.000000
32610.000000
32610.000000
32610.000000
32610.000000
32610.000000
32610.000000
32610.000000
32610.000000
32610.000000
32610.000000
32610.000000
32610.000000
32610.000000
32610.000000
32610.000000
32610.000000
32610.000000
32610.000000
32610.000000
32610.000000
32610.000000
32610.000000
32610.000000
32610.000000
32610.000000
32610.000000
32610.000000
32610.000000
32610.000000
32610.000000
32610.000000
32610.000000
32610.000000
32610.000000
32610.000000
32610.000000
32610.000000
32610.000000
32610.000000
32610.000000
32610.000000
32610.000000
32610.000000
32610.000000
32610.000000
32610.000000
32610.000000
32610.000000
32610.000000
32610.000000
32610.000000
32610.000000
32610.000000
32610.000000
32610.000000
32610.000000
32610.000000
32610.000000
32610.000000
32610.000000
32610.000000
32610.000000
32610.000000
32610.000000
32610.000000
32610.000000
32610.000000
32610.000000
32610.000000
32610.000000
32610.000000
32610.000000
32610.000000
32610.000000
32610.000000
32610.000000
32610.000000
32610.000000
32610.000000
32610.000000
32610.000000
32610.000000
32610.000000
32610.000000
32610.000000
32610.000000
32610.000000
32610.000000
32610.000000
32610.000000
32610.000000
32610.000000
32610.000000
32610.000000
32610.000000
32610.000000
32610.000000
32610.000000
32610.000000
32610.000000
32610.000000
32610.000000
32610.000000
32610.000000
32610.000000
32610.000000
32610.000000
32610.000000
32610.000000
32610.000000
32610.000000
32610.000000
32610.000000
32610.000000
32610.000000
32610.000000
32610.000000
32610.000000
32610.000000
32610.000000
32610.000000
32610.000000
32610.000000
32610.000000
32610.000000
32610.000000
32610.000000
32610.000000
32610.000000
32610.000000
32610.000000
32610.000000
32610.000000
32610.000000
32610.000000
32610.000000
32610.000000
32610.000000
32610.000000
32610.000000
32610.000000
32610.000000
32610.000000
32610.000000
32610.000000
32610.000000
32610.000000
32610.000000
32610.000000
32610.000000
32610.000000
32610.000000
32610.000000
32610.000000
32610.000000
32610.000000
32610.000000
32610.000000
32610.000000
32610.000000
32610.000000
32610.000000
32610.000000
32610.000000
32610.000000
32610.000000
32610.000000
32610.000000
32610.000000
32610.000000
32610.000000
32610.000000
32610.000000
32610.000000
32610.000000
32610.000000
32610.000000
32610.000000
32610.000000
32610.000000
32610.000000
32610.000000
32610.000000
32610.000000
32610.000000
32610.000000
32610.000000
32610.000000
32610.000000
32610.000000
32610.000000
32610.000000
32610.000000
32610.000000
32610.000000
32610.000000
32610.000000
32610.000000
32610.000000
32610.000000
32610.000000
32610.000000
32610.000000
32610.000000
32610.000000
32610.000000
32610.000000
32610.000000
32610.000000
32610.000000
32610.000000
32610.000000
32610.000000
32610.000000
32610.000000
32610.000000
32610.000000
32610.000000
32610.000000
32610.000000
32610.000000
32610.000000
32610.000000
32610.000000
32610.000000
32610.000000
32610.000000
32610.000000
32610.000000
32610.000000
32610.000000
32610.000000
32610.000000
32610.000000
32610.000000
32610.000000
32610.000000
32610.000000
32610.000000
32610.000000
32610.000000
32610.000000
32610.000000
32610.000000
32610.000000
32610.000000
32610.000000
32610.000000
32610.000000
32610.000000
32610.000000
32610.000000
32610.000000
32610.000000
32610.000000
32610.000000
32610.000000
32610.000000
32610.000000
32610.000000
32610.000000
32610.000000
32610.000000
32610.000000
32610.000000
32610.000000
32610.000000
32610.000000
32610.000000
32610.000000
32610.000000
32610.000000
32610.000000
32610.000000
32610.000000
32610.000000
32610.000000
32610.000000
32610.000000
32610.000000
32610.000000
32610.000000
32610.000000
32610.000000
32610.000000
32610.000000
32610.000000
32610.000000
32610.000000
32610.000000
32610.000000
32610.000000
32610.000000
32610.000000
32610.000000
32610.000000
32610.000000
32610.000000
32610.000000
32610.000000
32610.000000
32610.000000
32610.000000
32610.000000
32610.000000
32610.000000
32610.000000
32610.000000
32610.000000
32610.000000
32610.000000
32610.000000
32610.000000
32610.000000
32610.000000
32610.000000
32610.000000
32610.000000
32610.000000
32610.000000
32610.000000
32610.000000
32610.000000
32610.000000
32610.000000
32610.000000
32610.000000
32610.000000
32610.000000
32610.000000
32610.000000
32610.000000
32610.000000
32610.000000
32610.000000
32610.000000
32610.000000
32610.000000
32610.000000
32610.000000
32610.000000
32610.000000
32610.000000
32610.000000
32610.000000
32610.000000
32610.000000
32610.000000
32610.000000
32610.000000
32610.000000
32610.000000
32610.000000
32610.000000
32610.000000
32610.000000
32610.000000
32610.000000
32610.000000
32610.000000
32610.000000
32610.000000
32610.000000
32610.000000
32610.000000
32610.000000
32610.000000
32610.000000
32610.000000
32610.000000
32610.000000
32610.000000
32610.000000
32610.000000
32610.000000
32610.000000
32610.000000
32610.000000
32610.000000
32610.000000
32610.000000
32610.000000
32610.000000
32610.000000
32610.000000
32610.000000
32610.000000
32610.000000
32610.000000
32610.000000
32610.000000
32610.000000
32610.000000
32610.000000
32610.000000
32610.000000
32610.000000
32610.000000
32610.000000
32610.000000
32610.000000
32610.000000
32610.000000
32610.000000
32610.000000
32610.000000
32610.000000
32610.000000
32610.000000
32610.000000
32610.000000
32610.000000
32610.000000
32610.000000
32610.000000
32610.000000
32610.000000
32610.000000
32610.000000
32610.000000
32610.000000
32610.000000
32610.000000
32610.000000
32610.000000
32610.000000
32610.000000
32610.000000
32610.000000
32610.000000
32610.000000
32610.000000
32610.000000
32610.000000
32610.000000
32610.000000
