57.200000
54.000000
51.000000
62.400000
61.600000
61.600000
53.600000
53.000000
55.200000
51.800000
53.600000
58.800000
52.800000
55.400000
52.200000
53.400000
62.400000
66.200000
52.600000
54.200000
57.400000
60.000000
46.600000
64.400000
55.800000
57.200000
53.000000
56.400000
67.400000
49.400000
58.400000
52.000000
56.600000
65.800000
59.400000
53.000000
62.200000
50.000000
53.200000
61.800000
56.000000
58.200000
51.600000
56.400000
58.800000
57.400000
53.200000
60.600000
52.800000
55.800000
