17750.000000
3210.000000
9740.000000
20330.000000
4340.000000
15820.000000
4200.000000
22440.000000
12710.000000
14250.000000
19760.000000
6180.000000
1220.000000
29110.000000
4220.000000
7400.000000
15340.000000
6450.000000
1680.000000
2400.000000
2630.000000
36680.000000
420.000000
4190.000000
1070.000000
11690.000000
7470.000000
13830.000000
12160.000000
12400.000000
13970.000000
21040.000000
2870.000000
18470.000000
14500.000000
16240.000000
40.000000
15960.000000
350.000000
6370.000000
320.000000
8000.000000
5830.000000
13970.000000
1030.000000
19130.000000
3170.000000
8190.000000
23990.000000
16190.000000
14820.000000
7100.000000
5620.000000
5410.000000
14980.000000
9980.000000
3000.000000
12130.000000
23780.000000
12760.000000
10370.000000
7510.000000
2710.000000
4220.000000
3230.000000
1850.000000
1820.000000
5300.000000
14070.000000
24840.000000
16910.000000
17660.000000
19650.000000
7080.000000
16790.000000
11410.000000
7580.000000
2320.000000
15480.000000
6120.000000
14200.000000
4170.000000
4340.000000
2930.000000
15850.000000
20310.000000
10890.000000
4470.000000
12460.000000
1230.000000
9020.000000
14580.000000
25710.000000
9280.000000
27050.000000
9700.000000
8890.000000
9460.000000
28110.000000
20490.000000
8130.000000
1110.000000
4380.000000
13030.000000
18910.000000
11020.000000
470.000000
1800.000000
1640.000000
6580.000000
8840.000000
9570.000000
1900.000000
9830.000000
3860.000000
12650.000000
11450.000000
12230.000000
7890.000000
8100.000000
3450.000000
6100.000000
26470.000000
8190.000000
11900.000000
2080.000000
15820.000000
4380.000000
20350.000000
4570.000000
2250.000000
4660.000000
15100.000000
260.000000
4880.000000
12200.000000
7940.000000
3100.000000
2410.000000
7970.000000
8980.000000
2940.000000
19740.000000
400.000000
10710.000000
6160.000000
2890.000000
1080.000000
7500.000000
1910.000000
13110.000000
7720.000000
1570.000000
40.000000
21040.000000
23780.000000
2320.000000
4990.000000
22570.000000
11050.000000
13170.000000
21870.000000
100.000000
9860.000000
12390.000000
3830.000000
1070.000000
640.000000
4570.000000
13350.000000
17070.000000
570.000000
16990.000000
11740.000000
16430.000000
12790.000000
2250.000000
1080.000000
11040.000000
13280.000000
8360.000000
4870.000000
70.000000
9990.000000
2200.000000
9160.000000
28620.000000
14930.000000
9150.000000
15320.000000
2890.000000
9710.000000
5530.000000
9250.000000
3700.000000
19480.000000
3430.000000
8940.000000
25810.000000
510.000000
8400.000000
6580.000000
26590.000000
12350.000000
4190.000000
23490.000000
9490.000000
16810.000000
60.000000
11750.000000
2580.000000
9480.000000
26060.000000
14000.000000
16370.000000
12500.000000
13030.000000
8450.000000
5910.000000
210.000000
4350.000000
2990.000000
380.000000
20810.000000
2130.000000
300.000000
5580.000000
21020.000000
10200.000000
22840.000000
3540.000000
16590.000000
21160.000000
3060.000000
9690.000000
1790.000000
22300.000000
14140.000000
1800.000000
6630.000000
9200.000000
5280.000000
13920.000000
10320.000000
730.000000
7270.000000
1000.000000
19260.000000
11360.000000
24650.000000
12960.000000
1430.000000
18570.000000
3840.000000
15640.000000
5350.000000
21690.000000
17910.000000
17360.000000
11920.000000
3170.000000
6540.000000
2270.000000
10480.000000
4550.000000
17290.000000
14700.000000
720.000000
5360.000000
20220.000000
4070.000000
18630.000000
11970.000000
9710.000000
24040.000000
11310.000000
1780.000000
510.000000
28740.000000
6900.000000
6210.000000
12590.000000
15630.000000
10440.000000
1510.000000
12430.000000
5250.000000
2510.000000
22720.000000
1130.000000
380.000000
7730.000000
12380.000000
22530.000000
11580.000000
12420.000000
14080.000000
4220.000000
3460.000000
4940.000000
17230.000000
5430.000000
20670.000000
5680.000000
16440.000000
13820.000000
19140.000000
4240.000000
22460.000000
3940.000000
19780.000000
5900.000000
14920.000000
5670.000000
3460.000000
7210.000000
1580.000000
2640.000000
22760.000000
8900.000000
10540.000000
24430.000000
5850.000000
14500.000000
3430.000000
18220.000000
1400.000000
22950.000000
9840.000000
1750.000000
21190.000000
15990.000000
19570.000000
4670.000000
7680.000000
6240.000000
7320.000000
1570.000000
8980.000000
8170.000000
2950.000000
13330.000000
2260.000000
21370.000000
3730.000000
9870.000000
4210.000000
8820.000000
490.000000
7970.000000
2300.000000
14300.000000
950.000000
7370.000000
19000.000000
12500.000000
4300.000000
13820.000000
18530.000000
2070.000000
17230.000000
14900.000000
910.000000
840.000000
6460.000000
17260.000000
13280.000000
6010.000000
7190.000000
2930.000000
11000.000000
9760.000000
14860.000000
15260.000000
17560.000000
14630.000000
18540.000000
1980.000000
940.000000
27880.000000
15940.000000
23110.000000
8900.000000
2610.000000
24170.000000
24780.000000
16650.000000
16000.000000
2470.000000
3450.000000
380.000000
11480.000000
910.000000
18590.000000
10450.000000
5070.000000
1630.000000
11610.000000
17390.000000
13860.000000
2530.000000
2230.000000
330.000000
1250.000000
8940.000000
12220.000000
12270.000000
1790.000000
2190.000000
7710.000000
19630.000000
6060.000000
14040.000000
28510.000000
5510.000000
5950.000000
21750.000000
3550.000000
4240.000000
9860.000000
19200.000000
8190.000000
9690.000000
1250.000000
8430.000000
4560.000000
19790.000000
14230.000000
12050.000000
5040.000000
7570.000000
5440.000000
3830.000000
670.000000
17600.000000
12650.000000
14240.000000
14070.000000
5150.000000
5970.000000
3280.000000
1090.000000
1970.000000
5170.000000
220.000000
630.000000
12110.000000
10790.000000
24250.000000
18150.000000
21510.000000
11580.000000
3240.000000
8600.000000
2950.000000
26500.000000
5510.000000
5530.000000
5910.000000
1800.000000
3150.000000
3090.000000
9610.000000
20260.000000
9610.000000
27280.000000
230.000000
3650.000000
6710.000000
11770.000000
13490.000000
6250.000000
5830.000000
740.000000
1450.000000
16730.000000
10660.000000
2530.000000
960.000000
14350.000000
10490.000000
17920.000000
5270.000000
17700.000000
2890.000000
570.000000
1260.000000
8570.000000
6380.000000
6490.000000
19610.000000
10730.000000
11900.000000
11830.000000
15500.000000
8480.000000
17920.000000
22170.000000
5420.000000
24570.000000
20230.000000
380.000000
6490.000000
1690.000000
18920.000000
6710.000000
8880.000000
11640.000000
16160.000000
2020.000000
5620.000000
1350.000000
8480.000000
18720.000000
8580.000000
8960.000000
21260.000000
11770.000000
17900.000000
1160.000000
5310.000000
290.000000
14910.000000
25480.000000
25150.000000
920.000000
7940.000000
5800.000000
7310.000000
5360.000000
19570.000000
9700.000000
330.000000
20620.000000
2260.000000
23560.000000
18750.000000
1140.000000
4300.000000
13090.000000
11230.000000
2580.000000
6860.000000
6520.000000
7820.000000
2740.000000
5340.000000
9240.000000
920.000000
9670.000000
1450.000000
130.000000
6510.000000
1490.000000
17310.000000
11560.000000
1940.000000
1610.000000
3070.000000
620.000000
8780.000000
7940.000000
11030.000000
12450.000000
7460.000000
16980.000000
8910.000000
24520.000000
9880.000000
18090.000000
4300.000000
9130.000000
12350.000000
26030.000000
9140.000000
11180.000000
16980.000000
5820.000000
12670.000000
740.000000
7520.000000
1210.000000
7570.000000
8300.000000
8000.000000
11120.000000
2880.000000
6440.000000
11030.000000
5810.000000
17710.000000
21420.000000
13580.000000
7490.000000
2020.000000
9780.000000
17980.000000
15050.000000
9530.000000
6660.000000
12070.000000
10320.000000
19490.000000
1080.000000
21580.000000
7360.000000
2190.000000
14510.000000
420.000000
10860.000000
4280.000000
18410.000000
4840.000000
380.000000
4960.000000
11890.000000
16350.000000
11340.000000
2060.000000
4610.000000
9580.000000
18010.000000
1670.000000
5340.000000
17520.000000
1210.000000
5730.000000
22610.000000
7940.000000
7800.000000
11930.000000
7920.000000
240.000000
25050.000000
3000.000000
11640.000000
730.000000
4060.000000
11130.000000
13360.000000
19120.000000
12030.000000
18290.000000
25740.000000
26810.000000
14290.000000
22780.000000
12640.000000
910.000000
6630.000000
350.000000
8320.000000
17620.000000
18210.000000
17500.000000
5320.000000
22590.000000
13700.000000
27800.000000
9210.000000
180.000000
2250.000000
18380.000000
2980.000000
2220.000000
9350.000000
3800.000000
12380.000000
2900.000000
14330.000000
16060.000000
9500.000000
15180.000000
9710.000000
22490.000000
14460.000000
8560.000000
3690.000000
11940.000000
14190.000000
21950.000000
9540.000000
3650.000000
10760.000000
170.000000
18720.000000
2990.000000
16900.000000
18540.000000
12620.000000
28660.000000
4010.000000
1630.000000
3550.000000
17770.000000
2140.000000
2060.000000
11720.000000
21970.000000
15400.000000
6100.000000
11680.000000
180.000000
1350.000000
8610.000000
21070.000000
24510.000000
6370.000000
17550.000000
16750.000000
16920.000000
7970.000000
9650.000000
180.000000
6020.000000
7980.000000
840.000000
3220.000000
10060.000000
11810.000000
110.000000
6680.000000
2790.000000
5390.000000
21700.000000
8850.000000
17910.000000
8980.000000
110.000000
13280.000000
28040.000000
27860.000000
9050.000000
14390.000000
15320.000000
210.000000
15510.000000
4770.000000
6350.000000
4260.000000
14280.000000
1340.000000
9290.000000
5930.000000
830.000000
720.000000
11910.000000
24540.000000
14690.000000
29400.000000
10700.000000
11290.000000
12250.000000
23850.000000
2580.000000
70.000000
4740.000000
6490.000000
8490.000000
3310.000000
1210.000000
3320.000000
11850.000000
17870.000000
28950.000000
26540.000000
15920.000000
5290.000000
19580.000000
1240.000000
3130.000000
18760.000000
21450.000000
4940.000000
10550.000000
590.000000
4010.000000
11730.000000
7240.000000
16760.000000
13110.000000
2820.000000
530.000000
18780.000000
6590.000000
13690.000000
6490.000000
17700.000000
5750.000000
22410.000000
8940.000000
12570.000000
27790.000000
8580.000000
5100.000000
17540.000000
1290.000000
13990.000000
11530.000000
3760.000000
18880.000000
60.000000
20490.000000
22820.000000
1920.000000
1730.000000
800.000000
860.000000
2340.000000
24140.000000
1680.000000
7630.000000
16000.000000
7240.000000
5200.000000
20280.000000
19400.000000
5470.000000
9720.000000
15720.000000
22820.000000
5120.000000
24890.000000
3830.000000
3490.000000
1530.000000
8540.000000
3840.000000
28250.000000
9330.000000
270.000000
16700.000000
21300.000000
16630.000000
650.000000
11850.000000
11630.000000
3270.000000
19190.000000
1560.000000
21160.000000
16370.000000
15390.000000
10190.000000
1230.000000
2290.000000
12190.000000
4970.000000
15790.000000
27190.000000
20870.000000
130.000000
2740.000000
2790.000000
10020.000000
3090.000000
900.000000
3740.000000
3910.000000
14870.000000
4720.000000
2910.000000
21740.000000
5890.000000
5310.000000
5230.000000
8360.000000
3070.000000
13940.000000
16740.000000
4230.000000
7280.000000
2180.000000
7400.000000
18940.000000
5430.000000
10900.000000
7050.000000
1900.000000
6210.000000
2080.000000
14500.000000
2830.000000
5400.000000
3490.000000
4740.000000
15310.000000
2170.000000
2840.000000
18910.000000
11040.000000
5260.000000
6010.000000
16530.000000
7700.000000
4660.000000
27860.000000
27080.000000
10120.000000
4240.000000
18070.000000
3040.000000
3390.000000
13320.000000
8370.000000
3080.000000
13590.000000
4520.000000
2480.000000
2590.000000
180.000000
1880.000000
11170.000000
7920.000000
2700.000000
13480.000000
7370.000000
24300.000000
5300.000000
6290.000000
1170.000000
4990.000000
9270.000000
18830.000000
690.000000
15190.000000
19430.000000
4530.000000
14720.000000
1150.000000
390.000000
6850.000000
28890.000000
26490.000000
25150.000000
5610.000000
8680.000000
5930.000000
690.000000
10630.000000
21620.000000
16020.000000
22610.000000
10380.000000
22690.000000
10860.000000
7670.000000
16460.000000
16220.000000
19610.000000
19980.000000
1530.000000
28500.000000
9180.000000
1600.000000
18930.000000
5690.000000
18880.000000
7160.000000
3780.000000
11850.000000
20490.000000
7090.000000
7890.000000
5650.000000
16210.000000
13420.000000
6170.000000
6770.000000
390.000000
18030.000000
2460.000000
18390.000000
1490.000000
730.000000
1650.000000
5690.000000
6480.000000
2060.000000
3520.000000
10910.000000
940.000000
7140.000000
4970.000000
11780.000000
17440.000000
6260.000000
11620.000000
10300.000000
16990.000000
1780.000000
24200.000000
2840.000000
13060.000000
9770.000000
11790.000000
9390.000000
40.000000
9600.000000
3320.000000
960.000000
6730.000000
1140.000000
28950.000000
20200.000000
7440.000000
14390.000000
2260.000000
6490.000000
580.000000
12230.000000
24160.000000
2120.000000
1140.000000
7000.000000
10830.000000
5360.000000
6360.000000
340.000000
13190.000000
4320.000000
11220.000000
320.000000
1470.000000
21410.000000
27330.000000
25460.000000
12210.000000
7990.000000
30.000000
5920.000000
7130.000000
2790.000000
180.000000
4140.000000
1920.000000
12820.000000
14110.000000
4530.000000
6850.000000
1690.000000
10550.000000
6150.000000
3450.000000
880.000000
11200.000000
19090.000000
1560.000000
14280.000000
8900.000000
1380.000000
7380.000000
5140.000000
26560.000000
2820.000000
19430.000000
9770.000000
1290.000000
13070.000000
490.000000
12160.000000
8930.000000
15420.000000
8050.000000
610.000000
3800.000000
7030.000000
14880.000000
7260.000000
13720.000000
5880.000000
6160.000000
20750.000000
9630.000000
13140.000000
3560.000000
11440.000000
12830.000000
990.000000
25090.000000
