10.822220
10.624539
11.784759
10.909932
11.098277
10.858699
10.896529
11.089798
10.949952
11.526342
11.034762
10.787620
11.058582
10.782188
10.820403
11.027911
11.074526
11.087591
10.731449
12.897608
10.919994
11.232932
10.976237
10.736992
10.881348
11.007206
11.311574
10.910991
10.835766
10.776942
11.074230
10.781323
11.040670
10.661750
10.398344
11.177778
10.866071
11.813782
10.810404
11.086421
11.013774
10.261444
11.054486
11.725368
11.012030
10.989720
11.101204
10.855904
12.119448
10.677420
11.042693
11.118802
11.054421
10.872744
11.525821
11.100015
10.809307
10.952312
11.265236
11.098294
10.974595
10.570241
11.574323
10.885960
10.932382
10.969694
11.080513
11.193771
11.097304
10.912802
11.361480
12.643582
11.140219
10.990102
11.141669
11.026569
11.701368
10.760558
11.073305
10.956338
11.387200
10.876093
10.969264
12.187152
11.104194
11.509129
10.996423
11.882889
11.099367
11.317867
11.322537
10.919134
10.897019
10.997929
10.909608
11.017112
10.851803
11.229135
11.070962
11.107702
11.054706
13.001525
