7.761900
7.761900
8.344122
7.761900
7.761900
7.761900
7.761900
7.761900
7.761900
8.255233
7.761900
7.761900
7.761900
7.761900
7.761900
7.761900
8.167733
7.761900
7.761900
8.621622
7.761900
7.761900
7.761900
7.761900
7.761900
7.761900
7.791622
7.761900
7.761900
7.761900
7.761900
7.761900
7.761900
7.778011
7.761900
8.045233
7.761900
8.013844
7.761900
7.761900
7.761900
7.761900
7.761900
8.323289
7.968289
7.761900
8.629956
7.761900
8.592456
7.761900
7.761900
7.761900
7.761900
7.761900
8.101067
7.761900
7.761900
7.761900
7.906344
7.761900
7.761900
7.761900
8.570511
7.761900
7.761900
7.761900
7.761900
7.761900
7.761900
7.761900
7.761900
8.269956
7.836622
8.093011
7.761900
7.761900
8.156900
7.761900
7.761900
7.819122
7.761900
7.761900
7.761900
8.110511
7.761900
8.279122
7.786622
8.149678
7.761900
7.761900
8.026900
7.761900
7.761900
7.761900
7.761900
7.761900
7.761900
7.996067
7.761900
7.761900
7.761900
8.779678
