8.085313
7.835981
8.542062
8.962933
7.872110
7.840303
7.840303
8.085313
8.310385
7.936503
8.653066
8.102192
8.085313
7.840303
8.018492
8.001959
7.840303
8.187658
8.624333
8.440079
7.920306
8.230113
9.287403
7.840303
8.364116
8.018492
8.396861
8.001959
8.880892
7.920306
8.018492
7.840303
8.721236
8.187658
7.936503
8.274947
8.018492
7.920306
7.856174
8.881095
8.721236
7.920306
7.888110
8.222352
8.567219
10.905198
8.153256
9.218409
8.330621
7.888110
8.310385
8.529560
7.888110
8.529560
8.222352
8.869432
9.329207
8.780430
8.136164
7.840303
7.840303
8.018492
8.292628
8.609037
8.313611
8.364116
8.334767
8.346129
8.605211
8.548348
9.081425
8.001959
8.274947
8.570604
8.292628
8.001959
9.233955
8.310385
8.085313
8.485943
7.840303
8.774868
7.840303
8.102192
9.131647
7.840303
8.529560
8.624333
8.605211
10.392554
7.936503
8.018492
8.643541
9.865743
8.328219
8.102192
8.085313
8.018492
