17.283333
17.283333
17.283333
17.283333
15.313889
17.283333
15.313889
17.283333
15.313889
17.283333
15.313889
17.283333
15.313889
17.283333
17.283333
17.283333
17.283333
15.313889
17.283333
15.313889
17.283333
15.313889
17.283333
15.313889
17.283333
15.313889
17.283333
15.313889
17.283333
17.283333
17.283333
17.283333
15.313889
17.283333
15.313889
17.283333
15.313889
17.283333
15.313889
17.283333
15.313889
17.283333
15.313889
17.283333
17.283333
17.283333
17.283333
15.313889
17.283333
15.313889
17.283333
15.313889
17.283333
15.313889
17.283333
15.313889
17.283333
15.313889
17.283333
17.283333
17.283333
17.283333
15.313889
17.283333
15.313889
17.283333
15.313889
17.283333
15.313889
17.283333
15.313889
17.283333
15.313889
25.547222
23.577778
16.561111
13.902778
23.577778
16.561111
13.902778
23.577778
16.561111
13.902778
23.577778
16.561111
13.902778
16.561111
13.902778
16.561111
13.902778
16.561111
13.902778
16.561111
13.902778
16.561111
13.902778
25.547222
23.577778
16.561111
13.902778
23.577778
16.561111
13.902778
23.577778
16.561111
13.902778
23.577778
16.561111
13.902778
16.561111
13.902778
16.561111
13.902778
16.561111
13.902778
16.561111
13.902778
16.561111
13.902778
16.561111
13.902778
25.547222
23.577778
16.561111
13.902778
23.577778
16.561111
13.902778
23.577778
16.561111
13.902778
23.577778
16.561111
13.902778
16.561111
13.902778
16.561111
13.902778
16.561111
13.902778
16.561111
13.902778
16.561111
13.902778
16.561111
13.902778
25.547222
23.577778
16.561111
13.902778
23.577778
16.561111
13.902778
23.577778
16.561111
13.902778
23.577778
16.561111
13.902778
16.561111
13.902778
16.561111
13.902778
16.561111
13.902778
16.561111
13.902778
16.561111
13.902778
16.561111
13.902778
25.547222
23.577778
16.561111
13.902778
23.577778
16.561111
13.902778
23.577778
16.561111
13.902778
23.577778
16.561111
13.902778
16.561111
13.902778
16.561111
13.902778
16.561111
13.902778
16.561111
13.902778
16.561111
13.902778
16.561111
13.902778
2.600000
2.600000
2.600000
2.600000
2.600000
2.600000
2.600000
2.600000
2.600000
10.863889
10.863889
6.955556
10.863889
6.955556
6.138889
10.863889
6.955556
6.138889
10.863889
6.955556
6.138889
10.863889
6.955556
6.138889
4.452778
10.863889
6.955556
6.138889
4.452778
10.863889
6.955556
6.138889
4.452778
6.955556
6.138889
4.452778
10.863889
10.863889
6.955556
10.863889
6.955556
6.138889
10.863889
6.955556
6.138889
10.863889
6.955556
6.138889
10.863889
6.955556
6.138889
4.452778
10.863889
6.955556
6.138889
4.452778
10.863889
6.955556
6.138889
4.452778
10.863889
6.955556
6.138889
4.452778
6.955556
6.138889
4.452778
10.863889
10.863889
6.955556
10.863889
6.955556
10.863889
6.955556
6.138889
10.863889
6.955556
6.138889
10.863889
6.955556
6.138889
4.452778
10.863889
6.955556
6.138889
4.452778
6.955556
6.138889
4.452778
6.955556
6.138889
4.452778
6.955556
6.138889
4.452778
1.547222
10.863889
10.863889
6.955556
10.863889
6.955556
6.138889
10.863889
6.955556
6.138889
10.863889
6.955556
6.138889
10.863889
6.955556
6.138889
4.452778
10.863889
6.955556
6.138889
4.452778
10.863889
6.955556
6.138889
4.452778
6.955556
6.138889
4.452778
6.955556
6.138889
4.452778
10.863889
10.863889
6.955556
10.863889
6.955556
10.863889
6.955556
6.138889
10.863889
6.955556
6.138889
10.863889
6.955556
6.138889
4.452778
10.863889
6.955556
6.138889
4.452778
10.863889
6.955556
6.138889
4.452778
6.955556
6.138889
4.452778
6.955556
6.138889
4.452778
15.219444
14.402778
12.716667
9.811111
9.555556
14.402778
12.716667
9.811111
9.555556
12.716667
9.811111
9.555556
12.716667
9.811111
9.555556
12.716667
9.811111
9.555556
9.811111
9.555556
9.811111
9.555556
9.811111
9.555556
9.811111
9.555556
2.738889
15.219444
14.402778
12.716667
9.811111
9.555556
14.402778
12.716667
9.811111
9.555556
12.716667
9.811111
9.555556
12.716667
9.811111
9.555556
12.716667
9.811111
9.555556
9.811111
9.555556
9.811111
9.555556
9.811111
9.555556
9.811111
9.555556
2.738889
9.811111
9.555556
2.738889
15.219444
14.402778
12.716667
9.811111
9.555556
14.402778
12.716667
9.811111
9.555556
14.402778
12.716667
9.811111
9.555556
12.716667
9.811111
9.555556
12.716667
9.811111
9.555556
9.811111
9.555556
9.811111
9.555556
9.811111
9.555556
2.738889
9.811111
9.555556
2.738889
9.555556
2.738889
15.219444
14.402778
12.716667
9.811111
9.555556
14.402778
12.716667
9.811111
9.555556
12.716667
9.811111
9.555556
12.716667
9.811111
9.555556
12.716667
9.811111
9.555556
9.811111
9.555556
9.811111
9.555556
9.811111
9.555556
9.811111
9.555556
2.738889
9.811111
9.555556
2.738889
15.219444
14.402778
12.716667
9.811111
9.555556
14.402778
12.716667
9.811111
9.555556
14.402778
12.716667
9.811111
9.555556
12.716667
9.811111
9.555556
12.716667
9.811111
9.555556
9.811111
9.555556
9.811111
9.555556
9.811111
9.555556
9.811111
9.555556
2.738889
9.811111
9.555556
2.738889
11.002778
11.002778
11.002778
11.002778
11.002778
11.002778
11.002778
11.002778
11.002778
11.002778
11.002778
11.002778
11.002778
11.002778
11.002778
11.002778
2.288889
11.002778
11.002778
11.002778
11.002778
11.002778
11.002778
11.002778
2.288889
2.288889
11.002778
11.002778
11.002778
11.002778
11.002778
11.002778
11.002778
11.002778
2.288889
2.288889
11.002778
11.002778
11.002778
11.002778
11.002778
11.002778
11.002778
11.002778
2.288889
2.288889
10.552778
10.552778
6.991667
10.552778
6.991667
10.552778
6.991667
10.552778
6.991667
10.552778
6.991667
4.780556
10.552778
6.991667
4.780556
10.552778
6.991667
4.780556
10.552778
6.991667
4.780556
2.825000
2.652778
10.552778
10.552778
6.991667
10.552778
6.991667
10.552778
6.991667
10.552778
6.991667
10.552778
6.991667
4.780556
10.552778
6.991667
4.780556
10.552778
6.991667
4.780556
10.552778
6.991667
4.780556
2.825000
6.991667
4.780556
2.825000
2.652778
10.552778
10.552778
6.991667
10.552778
6.991667
10.552778
6.991667
10.552778
6.991667
4.780556
10.552778
6.991667
4.780556
10.552778
6.991667
4.780556
10.552778
6.991667
4.780556
2.825000
2.652778
6.991667
4.780556
2.825000
2.652778
6.991667
4.780556
2.825000
2.652778
10.552778
10.552778
6.991667
10.552778
6.991667
10.552778
6.991667
10.552778
6.991667
4.780556
10.552778
6.991667
4.780556
10.552778
6.991667
4.780556
10.552778
6.991667
4.780556
6.991667
4.780556
2.825000
2.652778
6.991667
4.780556
2.825000
2.652778
10.552778
10.552778
6.991667
10.552778
6.991667
10.552778
6.991667
10.552778
6.991667
10.552778
6.991667
4.780556
10.552778
6.991667
4.780556
10.552778
6.991667
4.780556
6.991667
4.780556
2.825000
2.652778
6.991667
4.780556
2.825000
2.652778
15.255556
13.044444
11.088889
10.916667
13.044444
11.088889
10.916667
13.044444
11.088889
10.916667
13.044444
11.088889
10.916667
5.480556
13.044444
11.088889
10.916667
5.480556
11.088889
10.916667
5.480556
11.088889
10.916667
5.480556
11.088889
10.916667
5.480556
5.480556
15.255556
13.044444
11.088889
10.916667
13.044444
11.088889
10.916667
13.044444
11.088889
10.916667
13.044444
11.088889
10.916667
13.044444
11.088889
10.916667
5.480556
11.088889
10.916667
5.480556
11.088889
10.916667
5.480556
11.088889
10.916667
5.480556
10.916667
5.480556
5.480556
15.255556
13.044444
11.088889
10.916667
13.044444
11.088889
10.916667
13.044444
11.088889
10.916667
13.044444
11.088889
10.916667
11.088889
10.916667
5.480556
11.088889
10.916667
5.480556
11.088889
10.916667
5.480556
5.480556
5.480556
5.480556
1.569444
15.255556
13.044444
11.088889
10.916667
13.044444
11.088889
10.916667
13.044444
11.088889
10.916667
13.044444
11.088889
10.916667
5.480556
11.088889
10.916667
5.480556
11.088889
10.916667
5.480556
11.088889
10.916667
5.480556
11.088889
10.916667
5.480556
5.480556
5.480556
15.255556
13.044444
11.088889
10.916667
13.044444
11.088889
10.916667
13.044444
11.088889
10.916667
13.044444
11.088889
10.916667
13.044444
11.088889
10.916667
5.480556
11.088889
10.916667
5.480556
11.088889
10.916667
5.480556
11.088889
10.916667
5.480556
5.480556
5.480556
13.744444
9.833333
13.744444
9.833333
13.744444
9.833333
9.833333
9.833333
9.833333
9.833333
9.833333
9.833333
13.744444
9.833333
13.744444
9.833333
13.744444
9.833333
13.744444
9.833333
9.833333
9.833333
9.833333
9.833333
9.833333
9.833333
13.744444
9.833333
13.744444
9.833333
13.744444
9.833333
13.744444
9.833333
9.833333
9.833333
9.833333
9.833333
9.833333
13.744444
9.833333
13.744444
9.833333
13.744444
9.833333
9.833333
9.833333
9.833333
9.833333
9.833333
9.833333
9.833333
13.744444
9.833333
13.744444
9.833333
13.744444
9.833333
13.744444
9.833333
9.833333
9.833333
9.833333
9.833333
9.833333
9.833333
