7.083333
4.131944
6.197917
6.197917
4.722222
4.722222
3.305556
2.754630
5.509259
3.672840
5.638889
4.591049
1.377315
6.197917
5.509259
3.305556
8.263889
4.722222
6.611111
6.292857
4.820602
5.509259
7.437500
2.754630
5.902778
5.509259
7.345679
5.509259
0.000000
6.197917
2.754630
2.754630
4.722222
2.754630
6.611111
4.131944
5.509259
5.509259
4.131944
6.219444
6.886574
0.000000
5.902778
4.131944
4.958333
1.032986
3.541667
4.131944
2.754630
5.164931
5.509259
0.000000
8.263889
2.754630
6.611111
2.813889
7.437500
4.131944
8.263889
1.180556
8.263889
4.131944
8.263889
4.722222
4.131944
2.754630
3.305556
6.761364
6.197917
8.263889
1.377315
4.722222
7.345679
8.263889
5.509259
5.509259
4.942857
0.000000
8.263889
5.902778
6.611111
7.880556
4.131944
5.509259
3.541667
5.164931
5.902778
6.197917
4.131944
5.539815
2.361111
7.230903
4.958333
6.197917
6.611111
5.509259
5.509259
4.131944
