12.087037
4.438580
2.401852
9.757407
5.547222
6.514352
2.877778
8.560556
15.591667
8.646759
6.153472
8.820139
6.299444
9.748611
6.040000
8.060494
8.484722
9.172917
7.733889
5.780556
4.786458
4.823148
10.215741
8.507407
9.575617
5.280556
3.620370
7.415972
9.676111
6.192222
5.957540
8.864683
9.755208
7.968056
9.893254
9.244444
6.867222
6.041204
6.751389
5.702222
0.900000
7.098413
8.913542
8.312778
9.753333
7.991667
8.751984
10.286111
10.087037
10.346181
12.045370
6.692500
7.358889
5.593519
4.537963
6.536420
10.870000
6.908889
7.172222
8.374444
8.570370
8.914352
10.102315
8.232407
7.240972
4.452778
4.474537
8.438426
7.355556
12.172778
5.251852
6.609722
3.775000
4.989931
12.013889
7.287222
7.318056
9.042014
11.390972
12.755093
8.896528
8.145370
7.493333
4.881481
7.568056
5.899537
11.413333
3.966667
5.632639
7.391667
10.556944
9.221296
