3.992222
3.259877
4.930556
3.645486
3.352222
4.073765
4.507778
5.364815
3.124444
3.901736
4.463889
3.321429
4.498889
3.199074
3.094722
2.829762
4.119271
3.485185
4.390000
2.868981
3.213889
3.180903
3.146389
2.948958
3.453241
2.607222
3.292222
3.426667
3.879040
3.501515
3.679630
2.665873
4.121605
4.552778
4.539352
3.562778
3.996528
3.502593
4.193056
3.488194
4.005903
4.342677
4.753704
4.469841
4.340909
3.154293
5.338889
3.607265
3.800868
3.867593
1.465556
4.161458
3.924074
3.531944
4.343519
3.788492
3.381111
3.983642
2.789198
3.611869
2.351667
3.834028
4.213889
3.787778
3.098990
2.182778
3.109167
3.763194
2.471875
3.454514
3.522840
3.439352
3.094048
5.189931
3.725000
3.378395
3.261667
4.588194
3.989506
4.296111
2.758333
2.430159
2.642593
3.429365
3.014815
3.560069
4.328472
2.727778
4.470000
5.135648
3.289506
3.561944
2.995370
3.194444
2.988889
3.388636
3.329514
5.389815
2.713889
2.976042
1.771759
3.850000
