2.589506
2.676852
4.445370
2.813657
2.504762
3.252350
3.888194
4.096528
2.746825
3.527160
3.710185
2.730556
3.708730
2.693519
2.770635
2.297475
3.655848
2.710294
3.178968
2.815171
2.733796
2.546465
2.602137
2.348611
3.289530
2.469048
2.975000
2.861508
3.672454
3.427083
2.864957
2.303283
3.533838
3.422024
3.067361
3.580952
3.719444
3.105409
2.924444
2.811574
3.428030
3.809127
3.508889
3.675253
4.205983
2.659722
4.978419
3.332813
3.201984
2.719841
1.375463
3.144444
2.934815
2.618210
3.850758
3.173457
3.046759
3.769722
2.338690
3.146230
2.019444
3.557407
4.213889
3.271154
2.638889
2.058761
2.811574
3.034343
2.210101
2.789484
2.894444
3.038056
2.346389
4.620988
3.377083
3.290909
2.275617
3.891414
3.989506
3.069444
2.787222
1.846389
2.301587
2.951235
1.951852
3.198392
3.795635
2.532812
3.742857
3.945370
2.510043
3.121296
2.784829
2.660119
2.248932
3.128472
2.946389
2.753571
2.127083
2.558102
1.777431
3.189236
