4.183152
4.672917
4.876488
5.423589
5.307215
4.055159
4.534954
5.880674
6.167609
5.167610
5.206709
5.080617
4.250000
5.239113
4.981067
5.660328
6.925775
5.919734
5.791969
4.616150
6.441898
5.095726
5.783740
5.692879
7.159259
4.707077
4.938349
6.371399
4.693037
4.907649
4.378979
4.822643
4.085721
4.692083
4.491335
4.132367
6.363675
4.130260
4.787993
5.713374
5.354669
5.158764
4.113924
5.816503
4.802936
4.943586
4.637689
3.884667
4.922315
5.938782
3.882407
4.969634
5.220644
6.395806
4.503136
6.508667
6.027460
3.394686
5.954601
3.921399
5.216194
6.063715
4.850331
4.955882
5.493386
4.756303
5.575758
5.114097
5.751162
6.805843
7.391430
5.351111
5.193954
4.342683
5.970163
5.148291
6.145139
6.592942
4.425066
5.309673
4.745679
3.727642
7.055166
5.047801
4.077315
5.407143
5.077431
6.334410
5.255733
6.160111
4.765568
3.716667
6.697321
4.393503
4.735345
5.517063
6.019340
5.622778
5.010606
3.991043
5.708081
4.346149
5.497076
5.497076
