2.556818
3.043889
1.807986
4.467857
4.309829
3.092593
3.271181
3.655556
3.480392
3.650163
3.222727
3.659722
4.214583
3.860417
3.578395
2.846970
2.550556
3.504722
3.894444
2.770185
3.649673
3.009259
3.084896
3.773056
3.422650
2.096465
3.292063
2.504630
2.478283
3.321528
3.532479
3.407716
2.813333
3.670370
3.551190
3.338889
3.430556
2.967361
3.594722
3.679060
2.225617
4.752778
3.271296
3.604167
3.335119
4.653632
2.957265
3.021852
2.230247
3.176068
3.015625
3.869136
2.311508
4.458681
2.295556
3.823232
2.902976
2.680093
3.858333
2.621991
3.313384
3.939583
3.075309
2.730754
2.761296
3.247222
2.217284
3.446481
3.329915
4.442857
4.537346
3.009815
3.536111
3.041667
3.107813
4.193254
3.250231
4.037963
4.953571
3.213194
2.715657
4.855093
2.529167
4.041667
4.056548
2.530952
2.983611
3.328704
3.013636
3.331566
3.700463
3.483333
2.807292
2.091270
2.976389
3.503086
2.421429
4.687153
