0.836111
1.802315
1.291667
1.150000
0.386111
1.404167
0.790278
0.291667
1.802778
0.530556
2.202778
1.903333
1.733333
1.935185
1.960417
1.365972
1.184259
0.850556
0.151389
2.169444
0.333333
0.854630
0.787963
1.147917
1.325000
2.123611
1.917593
1.448611
1.400000
2.608333
1.031944
1.668750
0.888889
0.595139
1.595370
3.626389
1.502778
1.615972
1.021528
1.458333
1.887037
1.852778
1.641667
2.284722
3.463889
0.846296
0.652778
2.143519
1.285556
1.859028
0.925000
1.110417
1.450926
0.790741
1.633333
1.020833
1.375000
1.844444
1.527778
1.438889
1.604167
1.344444
1.549074
0.951852
1.645370
1.323611
1.090741
1.512037
1.902778
0.066667
2.436111
0.601852
0.069444
0.941667
2.897222
1.043056
2.033333
1.025000
2.830556
0.484259
0.255556
1.277778
0.888889
1.269444
0.598611
1.947917
1.925000
1.564815
0.756250
0.918056
0.258333
0.700926
1.065000
0.266667
1.413889
0.776389
1.149074
1.722222
1.794444
1.206944
