590.000000
10790.000000
10790.000000
10790.000000
12740.000000
25450.000000
25470.000000
28950.000000
7800.000000
27580.000000
27580.000000
27580.000000
27580.000000
22060.000000
5140.000000
10870.000000
10870.000000
10870.000000
12820.000000
46180.000000
46180.000000
46180.000000
46180.000000
11250.000000
9990.000000
2190.000000
24490.000000
19130.000000
26540.000000
32480.000000
21410.000000
6330.000000
24510.000000
19150.000000
21430.000000
6350.000000
26040.000000
20680.000000
7880.000000
27990.000000
22630.000000
9830.000000
5910.000000
30380.000000
30380.000000
30380.000000
32330.000000
10770.000000
5780.000000
5780.000000
7090.000000
27890.000000
27890.000000
27890.000000
9040.000000
29840.000000
5310.000000
