0.812500
0.500000
0.583333
0.750000
0.500000
0.800000
0.692308
0.647059
0.428571
0.562500
0.647059
0.571429
0.720000
0.611111
0.692308
0.600000
0.687500
0.538462
0.538462
0.733333
0.545455
0.550000
0.300000
0.312500
0.611111
0.538462
0.761905
0.562500
0.571429
0.473684
0.727273
0.714286
0.352941
0.750000
0.578947
0.538462
0.583333
0.500000
0.692308
0.769231
0.687500
0.636364
0.625000
0.571429
0.500000
0.533333
0.500000
0.687500
0.722222
0.800000
0.500000
0.642857
0.785714
0.600000
0.619048
0.500000
0.636364
0.692308
0.636364
0.666667
0.666667
0.588235
0.733333
0.526316
0.500000
0.687500
0.666667
0.833333
0.631579
0.666667
0.764706
0.473684
0.615385
0.642857
0.600000
0.437500
0.500000
0.500000
0.500000
0.384615
0.642857
0.705882
0.550000
0.619048
0.615385
0.733333
0.500000
0.500000
0.533333
0.647059
0.615385
0.846154
0.833333
0.619048
0.769231
0.687500
0.461538
0.523810
0.466667
0.722222
0.700000
0.615385
0.375000
0.375000
