7.600000
10.400000
9.600000
10.000000
9.600000
7.600000
11.400000
8.800000
10.200000
9.200000
11.200000
8.000000
10.000000
8.200000
9.800000
8.200000
8.600000
10.200000
10.600000
8.600000
10.200000
9.400000
8.600000
8.800000
10.000000
8.600000
10.000000
8.800000
9.400000
10.400000
10.000000
11.000000
9.800000
8.600000
10.000000
9.400000
8.600000
10.600000
9.800000
8.000000
10.200000
8.000000
10.000000
11.400000
8.000000
9.800000
9.600000
11.400000
7.400000
10.200000
9.000000
9.000000
9.000000
9.000000
9.000000
9.000000
