1.398485
1.659615
1.760742
1.759609
0.479561
2.050373
1.157377
1.321554
1.676262
1.392522
0.748825
1.702301
0.724765
1.619399
1.502951
1.446225
1.843311
2.252545
0.287508
1.085007
1.049483
0.282067
0.930221
1.159533
1.247617
1.377394
1.603506
1.485388
2.027548
1.690275
2.197672
1.620451
1.906032
2.241641
3.023243
1.912425
1.366454
1.115601
0.638409
1.197558
2.505592
1.621589
2.208292
1.336386
1.225802
0.429618
1.442311
1.727789
1.683902
1.550377
1.538177
2.159081
0.958479
1.186118
1.177087
1.201391
0.173915
1.345469
2.354304
2.200336
1.586849
3.393023
2.793018
2.588953
1.989143
1.706167
2.398250
0.054464
1.375886
1.683510
1.385741
1.309134
1.513519
1.586791
1.356015
1.444863
1.391583
1.513311
1.048213
1.594414
0.952875
0.965566
1.295692
1.485524
0.264009
1.244602
1.715623
1.729385
1.443579
2.155765
1.954976
1.997493
1.377055
1.864047
0.867746
1.320205
1.914574
1.969697
2.895982
1.781455
1.254277
2.182729
2.046007
1.478707
1.546759
1.342851
1.276236
1.343431
1.774571
2.046926
2.207301
1.608204
1.805756
1.684738
1.528735
1.721273
2.329643
1.245940
1.688692
1.429610
1.787266
1.651703
1.117494
0.704421
0.138654
1.499327
2.233621
1.502292
1.821456
0.514332
1.658739
1.702082
1.133559
1.134986
0.991714
0.587014
2.999460
2.438948
3.147656
2.226588
1.517639
1.570661
1.124000
1.147300
1.597696
0.188028
1.001472
1.828789
1.842612
2.334822
1.807221
2.444187
1.335844
1.633218
1.325327
1.059308
1.729168
0.576220
1.886470
1.817214
1.518980
1.160776
1.605738
1.413187
1.207997
1.533623
1.613245
1.177511
0.090802
1.551887
2.185887
1.739771
1.580141
1.220426
1.111039
1.289301
1.557746
1.157324
0.991908
2.709378
1.366053
2.306801
1.609726
1.940792
1.666967
2.364064
3.395864
0.549177
2.024335
1.471984
1.044208
1.238507
1.360383
1.495226
0.963344
1.833945
1.796128
1.345087
1.427349
1.637444
0.915560
1.161879
1.135915
1.679718
0.712308
1.930574
1.981730
1.109341
1.569125
1.489482
1.352270
1.337257
1.445708
1.410494
1.377727
0.561638
0.274192
0.071351
1.329301
1.109471
1.954047
1.508573
1.782717
1.800572
1.232098
1.582945
1.027285
1.146400
1.779508
1.247233
0.978584
1.934660
1.533274
0.894767
1.652661
1.096684
1.610672
1.085490
1.405738
1.616000
1.119198
1.343851
1.875463
2.489834
0.318438
1.144486
1.983348
1.648743
1.852370
1.295157
0.462194
1.271409
1.857286
1.258097
1.939510
0.921019
2.485214
1.300420
2.650680
2.246042
1.304144
1.820843
1.167095
0.234483
0.653821
0.513764
1.282596
1.505768
0.138241
1.741140
1.520765
0.106364
0.380702
0.546489
1.473957
1.457502
0.510828
1.920843
0.961053
1.531090
1.412221
2.197394
1.800769
1.327756
1.155153
1.399911
1.829397
1.478965
1.672760
1.180521
1.751879
0.069710
1.675634
1.919770
1.120691
1.766443
1.405850
1.400604
1.149815
1.215937
1.534215
2.040914
2.208108
1.467241
1.013521
0.090868
1.342437
1.120584
0.672427
0.698526
1.282074
1.056661
1.245668
2.014210
1.633584
1.478042
0.031778
0.940687
1.926757
1.985714
1.862660
1.735537
0.503800
0.658411
1.710324
1.548265
2.289260
1.131656
0.100761
0.198275
0.952015
1.202925
1.264444
1.631195
2.023472
1.428291
1.903182
0.007442
1.493100
1.722964
2.127197
0.600565
2.566250
2.196280
1.424932
2.503656
1.354505
1.618535
1.977382
0.311493
0.361748
1.154294
1.379980
0.004638
1.818826
1.862303
2.060919
1.948006
1.609405
2.368218
1.821258
1.934380
1.770956
1.712296
1.206290
1.500764
1.953631
1.310293
1.797690
1.601594
1.117080
0.986068
1.749672
1.002231
1.237946
1.333644
1.051385
1.209873
1.260712
1.607912
1.409536
2.137922
2.333081
0.882996
0.253471
2.158223
2.071845
1.333258
1.271124
1.647451
1.014176
1.375801
2.130481
1.566880
1.349042
1.948140
1.847104
1.656222
0.584341
1.239233
2.011805
0.542206
1.979115
2.145206
0.886869
2.692737
1.080826
2.606704
1.624375
2.483534
1.438403
1.466891
1.609841
1.403211
1.606136
0.494067
1.065561
2.003854
1.328575
1.139937
0.071507
0.023788
2.031188
1.212922
1.851475
2.059869
0.945365
1.481748
1.418576
0.878984
2.121098
0.883752
0.691474
1.210738
0.137853
1.150419
1.719463
0.922357
0.249789
2.147678
1.141049
0.402055
0.744744
1.628400
0.655233
1.614926
1.531234
3.057371
1.911598
3.006114
0.953152
2.315194
1.652111
2.172863
2.347401
1.185372
1.424888
1.441133
1.711192
1.957174
1.333887
1.663344
1.068869
1.220811
1.745979
0.148182
1.462566
1.584934
2.250481
0.970222
0.916990
1.608705
1.829173
1.132998
0.891396
1.093764
1.733728
0.939464
1.741349
1.536784
1.610268
1.410909
0.376438
0.875623
1.058538
1.328087
2.139444
1.162579
1.089356
2.017094
1.999953
1.636591
1.934254
1.294893
1.750163
1.634038
1.697619
1.450177
1.555761
1.125550
1.226338
1.171818
2.030504
0.277226
2.238117
1.177361
0.350106
1.855461
1.233228
1.551523
1.977800
1.815844
1.781565
0.773137
1.413857
1.616908
1.690670
1.648358
1.533867
1.619873
1.498618
1.821091
1.524502
1.276142
1.514018
1.406220
1.242353
2.514364
3.421126
1.768648
0.780183
1.635665
1.364870
1.553434
2.070531
1.336446
0.111204
1.585060
1.657549
1.352577
2.833426
2.431124
1.686401
0.162655
3.137988
0.977930
3.369932
1.175417
3.227608
2.775158
1.843341
1.393447
0.429264
2.629048
1.061988
2.788436
2.456882
1.973530
1.937578
1.456335
1.482972
0.731806
1.381336
0.774075
0.880571
0.167270
1.512121
0.932707
2.210261
1.601565
1.624733
1.316448
1.189610
1.791026
0.916660
0.688253
2.068844
1.870347
1.671997
1.074835
1.979515
1.636680
0.571136
1.645347
1.059288
1.640105
1.722288
1.183863
1.553289
2.247470
1.195670
1.235276
1.499939
0.878151
1.393714
1.353424
0.814740
1.019385
1.461399
1.188713
2.566959
1.618846
1.286262
1.541015
2.234388
0.057282
1.124159
1.736878
1.839182
1.405030
1.411669
0.469738
1.592421
1.288084
1.191503
1.895363
0.495661
1.478905
1.749787
1.245030
2.353505
1.589088
0.236713
0.540547
1.548689
1.888613
1.370118
1.599358
2.313208
1.076647
0.607332
1.451129
1.440541
1.742215
2.016389
1.162937
1.846396
1.224706
1.932354
1.657080
2.364876
3.006454
1.581398
1.504255
2.210833
2.158349
1.857127
1.342938
1.525853
2.146734
1.578932
1.777094
1.840996
0.969922
0.998938
1.393443
2.642345
1.689772
1.766980
1.073153
1.851432
1.669703
1.470085
1.992843
1.053224
0.052637
1.461188
0.124246
1.607207
2.348304
2.225875
2.370591
3.023513
1.268087
3.034674
1.358563
1.629559
2.045906
1.392367
0.529432
1.514160
1.202229
1.072677
1.606659
0.489914
0.252159
1.306757
2.002727
1.721836
1.852142
1.403635
0.316651
1.252825
1.620135
1.288156
0.908389
0.550506
1.130262
1.591778
2.143956
1.638317
1.558987
1.917611
1.205046
1.824471
0.116436
1.405624
1.508172
1.602312
1.358532
0.872298
2.054192
1.041291
2.644991
2.623531
1.933150
1.656512
1.534995
1.472052
1.496994
1.217558
1.008627
1.933702
1.593935
1.516665
1.854401
0.931434
0.857885
1.751250
0.421121
1.104219
1.254422
1.766138
1.403453
1.923213
1.826319
1.060901
1.487358
1.858746
1.165533
1.518852
0.940200
1.761700
1.355777
1.374204
1.163455
1.501031
1.880440
1.953168
1.189925
1.731182
1.360897
2.356388
2.731406
1.207939
1.981003
1.533344
1.995421
1.442214
1.545032
1.804092
1.241220
1.643617
2.147860
1.071657
0.468873
1.750445
1.666505
1.289532
1.439037
1.501775
0.996210
1.740445
1.864507
1.662148
2.812724
1.649104
1.365764
1.720826
1.216728
0.544140
1.179149
1.495841
1.901242
1.492068
0.200592
1.192277
1.796955
2.307857
1.179167
2.381245
1.697224
1.186566
0.987932
1.055681
1.770893
0.789301
1.377757
1.447750
0.091932
1.160988
1.041127
0.631811
1.675992
1.165068
2.133048
2.229904
1.493631
1.925328
1.320301
1.808409
1.456643
1.551772
2.096212
1.551279
2.562800
1.502223
0.978471
1.838513
0.659206
1.561735
1.165515
0.687484
2.050445
1.039188
1.814483
1.221625
1.321060
2.179762
1.212708
2.165324
1.655720
1.761121
0.170870
1.504393
0.065625
1.311917
1.016633
1.062610
1.250513
1.645959
1.476845
1.585906
2.501673
0.955099
0.018126
1.601118
1.521005
1.483327
3.346955
0.719199
2.054778
1.194372
3.306047
2.779473
1.792827
2.698099
3.079658
3.797149
1.615062
1.484650
1.759123
1.412634
0.737706
1.830185
0.908662
0.277604
1.710648
1.474938
1.769414
2.457819
0.419437
2.035877
2.612932
1.523881
2.215673
2.910606
2.598425
2.775694
1.308999
1.907290
2.865702
1.150117
2.267066
2.316098
2.744703
1.025744
1.710452
1.133840
1.481581
0.108356
1.197469
1.496890
1.375412
2.522807
1.948840
2.311265
1.021875
2.941868
1.737339
0.265489
0.325324
1.301924
1.963213
1.084141
1.659409
1.181767
2.074235
1.783387
1.200709
1.451537
1.166126
1.147106
0.830090
2.299527
1.631760
0.304676
1.587280
1.177137
1.267026
0.071145
1.371555
1.803715
0.864693
1.598954
1.512598
1.980157
1.341989
1.682021
1.624264
1.168651
1.492166
0.604514
1.401806
1.163773
0.251245
0.540222
1.111460
1.326957
1.384667
1.398497
0.061093
1.233351
1.835022
1.576404
1.020673
1.289824
0.843242
2.173940
1.377076
0.917487
1.177038
1.815273
0.801318
1.663510
1.425217
2.228393
2.190369
2.109585
1.920529
1.211389
0.407450
1.325938
1.503480
1.835158
1.526842
1.778996
1.873557
1.309271
1.473502
2.308962
0.282311
0.741014
1.644845
1.740618
1.225580
1.737500
1.348305
0.266078
0.132503
1.576782
2.423756
0.205979
1.244285
1.467680
1.438462
1.683539
1.847677
1.839004
1.552325
1.098070
1.802628
0.900482
2.095733
1.551890
1.595788
1.276761
1.184023
1.271877
1.478607
