-nan
-nan
-nan
6.868000
2.316000
3.628000
2.228000
11.152000
3.852000
6.208000
3.780000
15.344000
5.348000
8.920000
5.356000
19.500000
6.800000
11.344000
6.824000
24.188000
8.328000
13.864000
8.480000
27.968000
9.820000
16.392000
9.972000
31.636000
11.356000
18.912000
11.528000
6.864000
2.312000
3.412000
2.204000
3.972000
2.900000
10.436000
3.440000
4.364000
3.044000
13.100000
3.816000
13.420000
3.816000
4.324000
3.136000
14.180000
3.856000
4.560000
3.144000
13.920000
3.892000
4.500000
3.148000
13.860000
3.884000
4.540000
3.200000
6.868000
2.316000
3.628000
2.228000
11.152000
3.852000
6.196000
3.780000
15.232000
5.320000
7.648000
5.192000
19.132000
6.464000
8.004000
5.828000
22.356000
7.276000
8.296000
6.072000
25.372000
7.628000
8.456000
6.224000
27.104000
7.760000
8.640000
6.292000
30.628000
10.480000
12.284000
9.068000
6.868000
2.316000
3.628000
2.228000
11.152000
3.852000
6.208000
3.780000
15.344000
5.348000
8.812000
5.356000
19.480000
6.796000
10.784000
6.800000
23.952000
8.228000
11.644000
8.088000
27.608000
9.476000
