-nan
-nan
-nan
35.820000
45.004000
61.536000
56.476000
62.696000
80.416000
114.152000
102.168000
88.580000
113.740000
164.680000
147.520000
113.008000
148.108000
215.508000
191.664000
142.020000
182.232000
264.300000
237.740000
165.616000
216.816000
316.400000
283.064000
191.152000
251.820000
365.240000
327.844000
35.656000
44.800000
56.964000
55.508000
69.716000
73.784000
53.876000
68.624000
71.752000
75.540000
60.572000
74.412000
59.756000
74.660000
72.292000
76.756000
60.608000
74.824000
71.412000
76.340000
61.580000
75.156000
72.480000
75.068000
61.512000
74.668000
72.040000
75.912000
35.820000
45.004000
61.536000
56.476000
62.696000
80.416000
114.044000
102.168000
86.888000
112.576000
140.288000
141.912000
104.264000
137.788000
150.968000
159.232000
117.920000
154.300000
154.540000
162.796000
125.852000
160.624000
157.232000
165.680000
129.316000
162.664000
156.996000
165.260000
168.156000
227.160000
238.472000
250.276000
35.820000
45.004000
61.536000
56.476000
62.696000
80.416000
114.152000
102.168000
88.580000
113.740000
162.784000
147.520000
112.528000
147.908000
204.456000
190.848000
139.000000
179.028000
223.492000
224.896000
156.316000
205.704000
