5.000000 5.000000
4.473041 4.456960

5.000000 5.000000
4.012426 5.387202

5.000000 5.000000
4.783055 5.851889

5.000000 5.000000
5.582485 4.694627

5.000000 5.000000
5.179047 6.125700

5.000000 5.000000
4.795095 4.271333

5.000000 5.000000
4.660582 5.856110

5.000000 5.000000
6.202734 5.807900

6.232864 4.914744
6.787318 4.895686

6.232864 4.914744
6.236790 4.812096

6.232864 4.914744
5.582485 4.694627

6.232864 4.914744
6.202734 5.807900

3.868464 4.635917
3.516651 5.255929

3.868464 4.635917
4.473041 4.456960

3.868464 4.635917
4.219897 3.924827

3.868464 4.635917
2.537528 4.849739

3.868464 4.635917
3.865267 5.153849

4.177652 9.107603
4.516278 7.323512

4.177652 9.107603
5.579946 8.977193

4.177652 9.107603
2.774500 6.889118

4.177652 9.107603
4.999321 8.552782

4.177652 9.107603
0.885921 6.118875

7.799366 6.477452
6.665704 7.750058

7.799366 6.477452
8.062844 6.549482

7.799366 6.477452
6.750214 6.458408

7.799366 6.477452
8.178082 7.637265

7.799366 6.477452
7.897882 6.296151

3.571372 5.519723
3.516651 5.255929

3.571372 5.519723
1.955657 5.573789

3.571372 5.519723
4.516278 7.323512

3.571372 5.519723
4.012426 5.387202

3.571372 5.519723
2.537528 4.849739

3.571372 5.519723
3.865267 5.153849

3.571372 5.519723
2.724813 6.509038

3.571372 5.519723
4.660582 5.856110

3.516651 5.255929
3.868464 4.635917

3.516651 5.255929
3.571372 5.519723

3.516651 5.255929
2.537528 4.849739

3.516651 5.255929
3.865267 5.153849

9.231574 6.331606
6.787318 4.895686

9.231574 6.331606
8.394491 7.897727

9.231574 6.331606
8.062844 6.549482

9.231574 6.331606
8.178082 7.637265

9.231574 6.331606
8.382924 2.099783

9.231574 6.331606
7.897882 6.296151

6.665704 7.750058
7.799366 6.477452

6.665704 7.750058
8.394491 7.897727

6.665704 7.750058
5.579946 8.977193

6.665704 7.750058
5.078220 6.717873

6.665704 7.750058
6.750214 6.458408

6.665704 7.750058
4.999321 8.552782

6.665704 7.750058
8.178082 7.637265

6.665704 7.750058
6.608677 6.547828

6.573987 6.404455
5.078220 6.717873

6.573987 6.404455
5.179047 6.125700

6.573987 6.404455
6.750214 6.458408

6.573987 6.404455
6.202734 5.807900

6.573987 6.404455
6.608677 6.547828

4.473041 4.456960
5.000000 5.000000

4.473041 4.456960
3.868464 4.635917

4.473041 4.456960
4.219897 3.924827

4.473041 4.456960
4.012426 5.387202

4.473041 4.456960
3.865267 5.153849

4.473041 4.456960
4.795095 4.271333

6.407983 3.212413
6.787318 4.895686

6.407983 3.212413
6.236790 4.812096

6.407983 3.212413
4.216602 3.507564

6.407983 3.212413
5.582485 4.694627

6.407983 3.212413
4.795095 4.271333

6.407983 3.212413
6.336566 2.407279

6.407983 3.212413
7.092981 2.331957

4.219897 3.924827
3.868464 4.635917

4.219897 3.924827
4.473041 4.456960

4.219897 3.924827
2.499617 2.701906

4.219897 3.924827
4.216602 3.507564

4.219897 3.924827
2.537528 4.849739

4.219897 3.924827
4.795095 4.271333

6.787318 4.895686
6.232864 4.914744

6.787318 4.895686
9.231574 6.331606

6.787318 4.895686
6.407983 3.212413

6.787318 4.895686
6.236790 4.812096

6.787318 4.895686
6.750214 6.458408

6.787318 4.895686
6.202734 5.807900

6.787318 4.895686
8.382924 2.099783

6.787318 4.895686
7.092981 2.331957

6.787318 4.895686
7.897882 6.296151

1.955657 5.573789
3.571372 5.519723

1.955657 5.573789
2.537528 4.849739

1.955657 5.573789
2.724813 6.509038

1.955657 5.573789
0.885921 6.118875

1.955657 5.573789
1.812439 3.797061

1.955657 5.573789
1.708784 6.031408

2.499617 2.701906
4.219897 3.924827

2.499617 2.701906
4.216602 3.507564

2.499617 2.701906
2.537528 4.849739

2.499617 2.701906
1.892304 2.712032

2.499617 2.701906
1.812439 3.797061

2.499617 2.701906
4.526260 1.795943

2.499617 2.701906
4.799937 1.142014

4.516278 7.323512
4.177652 9.107603

4.516278 7.323512
3.571372 5.519723

4.516278 7.323512
5.078220 6.717873

4.516278 7.323512
2.774500 6.889118

4.516278 7.323512
2.724813 6.509038

4.516278 7.323512
4.999321 8.552782

4.516278 7.323512
4.981491 6.510416

4.516278 7.323512
4.660582 5.856110

6.236790 4.812096
6.232864 4.914744

6.236790 4.812096
6.407983 3.212413

6.236790 4.812096
6.787318 4.895686

6.236790 4.812096
5.582485 4.694627

4.216602 3.507564
6.407983 3.212413

4.216602 3.507564
4.219897 3.924827

4.216602 3.507564
2.499617 2.701906

4.216602 3.507564
4.795095 4.271333

4.216602 3.507564
4.526260 1.795943

4.216602 3.507564
6.336566 2.407279

4.012426 5.387202
5.000000 5.000000

4.012426 5.387202
3.571372 5.519723

4.012426 5.387202
4.473041 4.456960

4.012426 5.387202
3.865267 5.153849

4.012426 5.387202
4.660582 5.856110

4.783055 5.851889
5.000000 5.000000

4.783055 5.851889
5.179047 6.125700

4.783055 5.851889
4.981491 6.510416

4.783055 5.851889
4.660582 5.856110

2.537528 4.849739
3.868464 4.635917

2.537528 4.849739
3.571372 5.519723

2.537528 4.849739
3.516651 5.255929

2.537528 4.849739
4.219897 3.924827

2.537528 4.849739
1.955657 5.573789

2.537528 4.849739
2.499617 2.701906

2.537528 4.849739
1.812439 3.797061

8.394491 7.897727
9.231574 6.331606

8.394491 7.897727
6.665704 7.750058

8.394491 7.897727
5.579946 8.977193

8.394491 7.897727
8.178082 7.637265

5.579946 8.977193
4.177652 9.107603

5.579946 8.977193
6.665704 7.750058

5.579946 8.977193
8.394491 7.897727

5.579946 8.977193
4.999321 8.552782

3.865267 5.153849
3.868464 4.635917

3.865267 5.153849
3.571372 5.519723

3.865267 5.153849
3.516651 5.255929

3.865267 5.153849
4.473041 4.456960

3.865267 5.153849
4.012426 5.387202

5.078220 6.717873
6.665704 7.750058

5.078220 6.717873
6.573987 6.404455

5.078220 6.717873
4.516278 7.323512

5.078220 6.717873
5.179047 6.125700

5.078220 6.717873
4.999321 8.552782

5.078220 6.717873
4.981491 6.510416

5.078220 6.717873
6.608677 6.547828

2.774500 6.889118
4.177652 9.107603

2.774500 6.889118
4.516278 7.323512

2.774500 6.889118
2.724813 6.509038

2.774500 6.889118
0.885921 6.118875

2.774500 6.889118
1.708784 6.031408

6.787001 1.131588
7.309975 1.194568

6.787001 1.131588
6.336566 2.407279

6.787001 1.131588
4.799937 1.142014

6.787001 1.131588
7.092981 2.331957

8.062844 6.549482
7.799366 6.477452

8.062844 6.549482
9.231574 6.331606

8.062844 6.549482
8.178082 7.637265

8.062844 6.549482
7.897882 6.296151

5.582485 4.694627
5.000000 5.000000

5.582485 4.694627
6.232864 4.914744

5.582485 4.694627
6.407983 3.212413

5.582485 4.694627
6.236790 4.812096

5.582485 4.694627
4.795095 4.271333

5.582485 4.694627
6.202734 5.807900

5.179047 6.125700
5.000000 5.000000

5.179047 6.125700
6.573987 6.404455

5.179047 6.125700
4.783055 5.851889

5.179047 6.125700
5.078220 6.717873

5.179047 6.125700
4.981491 6.510416

5.179047 6.125700
6.202734 5.807900

4.795095 4.271333
5.000000 5.000000

4.795095 4.271333
4.473041 4.456960

4.795095 4.271333
6.407983 3.212413

4.795095 4.271333
4.219897 3.924827

4.795095 4.271333
4.216602 3.507564

4.795095 4.271333
5.582485 4.694627

6.750214 6.458408
7.799366 6.477452

6.750214 6.458408
6.665704 7.750058

6.750214 6.458408
6.573987 6.404455

6.750214 6.458408
6.787318 4.895686

6.750214 6.458408
6.202734 5.807900

6.750214 6.458408
6.608677 6.547828

6.750214 6.458408
7.897882 6.296151

1.892304 2.712032
2.499617 2.701906

1.892304 2.712032
0.885921 6.118875

1.892304 2.712032
1.812439 3.797061

1.892304 2.712032
4.799937 1.142014

2.724813 6.509038
3.571372 5.519723

2.724813 6.509038
1.955657 5.573789

2.724813 6.509038
4.516278 7.323512

2.724813 6.509038
2.774500 6.889118

2.724813 6.509038
1.708784 6.031408

7.309975 1.194568
6.787001 1.131588

7.309975 1.194568
8.382924 2.099783

7.309975 1.194568
7.092981 2.331957

4.999321 8.552782
4.177652 9.107603

4.999321 8.552782
6.665704 7.750058

4.999321 8.552782
4.516278 7.323512

4.999321 8.552782
5.579946 8.977193

4.999321 8.552782
5.078220 6.717873

0.885921 6.118875
4.177652 9.107603

0.885921 6.118875
1.955657 5.573789

0.885921 6.118875
2.774500 6.889118

0.885921 6.118875
1.892304 2.712032

0.885921 6.118875
1.812439 3.797061

0.885921 6.118875
1.708784 6.031408

1.812439 3.797061
1.955657 5.573789

1.812439 3.797061
2.499617 2.701906

1.812439 3.797061
2.537528 4.849739

1.812439 3.797061
1.892304 2.712032

1.812439 3.797061
0.885921 6.118875

4.981491 6.510416
4.516278 7.323512

4.981491 6.510416
4.783055 5.851889

4.981491 6.510416
5.078220 6.717873

4.981491 6.510416
5.179047 6.125700

4.981491 6.510416
4.660582 5.856110

8.178082 7.637265
7.799366 6.477452

8.178082 7.637265
9.231574 6.331606

8.178082 7.637265
6.665704 7.750058

8.178082 7.637265
8.394491 7.897727

8.178082 7.637265
8.062844 6.549482

4.526260 1.795943
2.499617 2.701906

4.526260 1.795943
4.216602 3.507564

4.526260 1.795943
6.336566 2.407279

4.526260 1.795943
4.799937 1.142014

4.660582 5.856110
5.000000 5.000000

4.660582 5.856110
3.571372 5.519723

4.660582 5.856110
4.516278 7.323512

4.660582 5.856110
4.012426 5.387202

4.660582 5.856110
4.783055 5.851889

4.660582 5.856110
4.981491 6.510416

6.336566 2.407279
6.407983 3.212413

6.336566 2.407279
4.216602 3.507564

6.336566 2.407279
6.787001 1.131588

6.336566 2.407279
4.526260 1.795943

6.336566 2.407279
4.799937 1.142014

6.336566 2.407279
7.092981 2.331957

1.708784 6.031408
1.955657 5.573789

1.708784 6.031408
2.774500 6.889118

1.708784 6.031408
2.724813 6.509038

1.708784 6.031408
0.885921 6.118875

6.202734 5.807900
5.000000 5.000000

6.202734 5.807900
6.232864 4.914744

6.202734 5.807900
6.573987 6.404455

6.202734 5.807900
6.787318 4.895686

6.202734 5.807900
5.582485 4.694627

6.202734 5.807900
5.179047 6.125700

6.202734 5.807900
6.750214 6.458408

8.382924 2.099783
9.231574 6.331606

8.382924 2.099783
6.787318 4.895686

8.382924 2.099783
7.309975 1.194568

8.382924 2.099783
7.092981 2.331957

4.799937 1.142014
2.499617 2.701906

4.799937 1.142014
6.787001 1.131588

4.799937 1.142014
1.892304 2.712032

4.799937 1.142014
4.526260 1.795943

4.799937 1.142014
6.336566 2.407279

6.608677 6.547828
6.665704 7.750058

6.608677 6.547828
6.573987 6.404455

6.608677 6.547828
5.078220 6.717873

6.608677 6.547828
6.750214 6.458408

7.092981 2.331957
6.407983 3.212413

7.092981 2.331957
6.787318 4.895686

7.092981 2.331957
6.787001 1.131588

7.092981 2.331957
7.309975 1.194568

7.092981 2.331957
6.336566 2.407279

7.092981 2.331957
8.382924 2.099783

7.897882 6.296151
7.799366 6.477452

7.897882 6.296151
9.231574 6.331606

7.897882 6.296151
6.787318 4.895686

7.897882 6.296151
8.062844 6.549482

7.897882 6.296151
6.750214 6.458408

