5.000000 5.000000
6.202734 5.807900

6.202734 5.807900
6.573987 6.404455

6.573987 6.404455
6.608677 6.547828

6.608677 6.547828
6.665704 7.750058

6.665704 7.750058
8.394491 7.897727

8.394491 7.897727
8.178082 7.637265

8.178082 7.637265
8.062844 6.549482

8.062844 6.549482
9.231574 6.331606

9.231574 6.331606
8.062844 6.549482

8.062844 6.549482
7.799366 6.477452

7.799366 6.477452
7.897882 6.296151

7.897882 6.296151
6.750214 6.458408

6.750214 6.458408
6.787318 4.895686

6.787318 4.895686
6.236790 4.812096

6.236790 4.812096
5.582485 4.694627

5.582485 4.694627
5.000000 5.000000

