5.050000 4.950000
5.632485 4.644627

5.632485 4.644627
6.457983 3.162413

6.457983 3.162413
7.142981 2.281957

7.142981 2.281957
7.359975 1.144568

7.359975 1.144568
7.142981 2.281957

7.142981 2.281957
8.432924 2.049783

8.432924 2.049783
7.142981 2.281957

7.142981 2.281957
6.386566 2.357279

6.386566 2.357279
6.457983 3.162413

6.457983 3.162413
6.286790 4.762096

6.286790 4.762096
6.282864 4.864744

6.282864 4.864744
6.252734 5.757900

6.252734 5.757900
6.623987 6.354455

6.623987 6.354455
6.658677 6.497828

6.658677 6.497828
6.623987 6.354455

6.623987 6.354455
6.252734 5.757900

6.252734 5.757900
5.050000 4.950000

