6.305556
6.305556
6.305556
6.305556
6.305556
6.305556
6.305556
6.305556
1.994444
1.975000
6.305556
6.305556
6.305556
6.305556
6.305556
6.305556
6.305556
6.305556
1.994444
1.975000
6.305556
1.994444
1.975000
1.147222
6.305556
6.305556
6.305556
6.305556
6.305556
6.305556
6.305556
6.305556
1.994444
1.975000
6.305556
1.994444
1.975000
1.147222
6.305556
6.305556
6.305556
6.305556
6.305556
6.305556
6.305556
6.305556
1.994444
1.975000
6.305556
1.994444
1.975000
1.147222
6.305556
6.305556
6.305556
6.305556
6.305556
6.305556
6.305556
6.305556
1.994444
1.975000
6.305556
1.994444
1.975000
1.147222
13.725000
9.413889
9.394444
8.566667
9.413889
9.394444
8.566667
9.413889
9.394444
8.566667
9.413889
9.394444
8.566667
9.413889
9.394444
8.566667
9.413889
9.394444
8.566667
9.413889
9.394444
8.566667
9.413889
9.394444
8.566667
8.566667
2.347222
13.725000
9.413889
9.394444
8.566667
9.413889
9.394444
8.566667
9.413889
9.394444
8.566667
9.413889
9.394444
8.566667
9.413889
9.394444
8.566667
9.413889
9.394444
8.566667
9.413889
9.394444
8.566667
9.413889
9.394444
8.566667
2.347222
8.566667
2.347222
2.347222
1.488889
13.725000
9.413889
9.394444
8.566667
9.413889
9.394444
8.566667
9.413889
9.394444
8.566667
9.413889
9.394444
8.566667
9.413889
9.394444
8.566667
9.413889
9.394444
8.566667
9.413889
9.394444
8.566667
9.413889
9.394444
8.566667
2.347222
8.566667
2.347222
2.347222
1.488889
13.725000
9.413889
9.394444
8.566667
9.413889
9.394444
8.566667
9.413889
9.394444
8.566667
9.413889
9.394444
8.566667
9.413889
9.394444
8.566667
9.413889
9.394444
8.566667
9.413889
9.394444
8.566667
9.413889
9.394444
8.566667
2.347222
8.566667
2.347222
2.347222
1.488889
13.725000
9.413889
9.394444
8.566667
9.413889
9.394444
8.566667
9.413889
9.394444
8.566667
9.413889
9.394444
8.566667
9.413889
9.394444
8.566667
9.413889
9.394444
8.566667
9.413889
9.394444
8.566667
9.413889
9.394444
8.566667
8.566667
2.347222
2.347222
1.488889
9.766667
8.908333
9.766667
8.908333
9.766667
8.908333
9.766667
8.908333
9.766667
8.908333
9.766667
8.908333
3.775000
9.766667
8.908333
3.775000
9.766667
8.908333
3.775000
8.908333
3.775000
9.766667
8.908333
9.766667
8.908333
9.766667
8.908333
9.766667
8.908333
9.766667
8.908333
9.766667
8.908333
3.775000
9.766667
8.908333
3.775000
8.908333
3.775000
8.908333
3.775000
3.775000
1.588889
9.766667
8.908333
9.766667
8.908333
9.766667
8.908333
9.766667
8.908333
9.766667
8.908333
9.766667
8.908333
3.775000
9.766667
8.908333
3.775000
8.908333
3.775000
8.908333
3.775000
3.775000
1.588889
9.766667
8.908333
9.766667
8.908333
9.766667
8.908333
9.766667
8.908333
9.766667
8.908333
9.766667
8.908333
3.775000
9.766667
8.908333
3.775000
8.908333
3.775000
8.908333
3.775000
3.775000
1.588889
9.766667
8.908333
9.766667
8.908333
9.766667
8.908333
9.766667
8.908333
9.766667
8.908333
9.766667
8.908333
3.775000
9.766667
8.908333
3.775000
9.766667
8.908333
3.775000
8.908333
3.775000
3.775000
1.588889
11.194444
9.008333
11.194444
9.008333
11.194444
9.008333
11.194444
9.008333
4.736111
11.194444
9.008333
4.736111
4.425000
9.008333
4.736111
4.425000
9.008333
4.736111
4.425000
3.480556
9.008333
4.736111
4.425000
3.480556
9.008333
4.736111
4.425000
3.480556
11.194444
9.008333
11.194444
9.008333
11.194444
9.008333
11.194444
9.008333
4.736111
11.194444
9.008333
4.736111
4.425000
9.008333
4.736111
4.425000
9.008333
4.736111
4.425000
3.480556
9.008333
4.736111
4.425000
3.480556
9.008333
4.736111
4.425000
3.480556
4.736111
4.425000
3.480556
11.194444
9.008333
11.194444
9.008333
11.194444
9.008333
11.194444
9.008333
4.736111
11.194444
9.008333
4.736111
4.425000
9.008333
4.736111
4.425000
9.008333
4.736111
4.425000
3.480556
9.008333
4.736111
4.425000
3.480556
9.008333
4.736111
4.425000
3.480556
4.736111
4.425000
3.480556
11.194444
9.008333
11.194444
9.008333
11.194444
9.008333
11.194444
9.008333
4.736111
11.194444
9.008333
4.736111
4.425000
9.008333
4.736111
4.425000
3.480556
9.008333
4.736111
4.425000
3.480556
9.008333
4.736111
4.425000
3.480556
9.008333
4.736111
4.425000
3.480556
4.736111
4.425000
3.480556
11.194444
9.008333
11.194444
9.008333
11.194444
9.008333
11.194444
9.008333
11.194444
9.008333
4.736111
4.425000
9.008333
4.736111
4.425000
9.008333
4.736111
4.425000
3.480556
9.008333
4.736111
4.425000
3.480556
9.008333
4.736111
4.425000
3.480556
4.736111
4.425000
3.480556
12.155556
11.844444
10.900000
6.436111
12.155556
11.844444
10.900000
6.436111
12.155556
11.844444
10.900000
6.436111
11.844444
10.900000
6.436111
10.900000
6.436111
10.900000
6.436111
6.436111
6.436111
6.436111
12.155556
11.844444
10.900000
12.155556
11.844444
10.900000
6.436111
12.155556
11.844444
10.900000
6.436111
11.844444
10.900000
6.436111
10.900000
6.436111
10.900000
6.436111
6.436111
6.436111
6.436111
6.436111
12.155556
11.844444
10.900000
12.155556
11.844444
10.900000
6.436111
12.155556
11.844444
10.900000
6.436111
11.844444
10.900000
6.436111
10.900000
6.436111
10.900000
6.436111
6.436111
6.436111
6.436111
6.436111
12.155556
11.844444
10.900000
12.155556
11.844444
10.900000
6.436111
12.155556
11.844444
10.900000
6.436111
11.844444
10.900000
6.436111
10.900000
6.436111
6.436111
6.436111
6.436111
6.436111
6.436111
12.155556
11.844444
10.900000
12.155556
11.844444
10.900000
6.436111
12.155556
11.844444
10.900000
6.436111
12.155556
11.844444
10.900000
6.436111
10.900000
6.436111
10.900000
6.436111
6.436111
6.436111
6.436111
6.436111
7.708333
6.736111
7.708333
6.736111
7.708333
6.736111
7.708333
6.736111
7.708333
6.736111
7.708333
6.736111
7.708333
6.736111
7.708333
6.736111
7.708333
6.736111
13.855556
7.708333
6.736111
7.708333
6.736111
7.708333
6.736111
7.708333
6.736111
7.708333
6.736111
7.708333
6.736111
7.708333
6.736111
7.708333
6.736111
7.708333
6.736111
7.708333
6.736111
13.855556
7.708333
6.736111
7.708333
6.736111
7.708333
6.736111
7.708333
6.736111
7.708333
6.736111
7.708333
6.736111
7.708333
6.736111
7.708333
6.736111
7.708333
6.736111
7.708333
6.736111
13.855556
7.708333
6.736111
7.708333
6.736111
7.708333
6.736111
7.708333
6.736111
7.708333
6.736111
7.708333
6.736111
7.708333
6.736111
7.708333
6.736111
7.708333
6.736111
7.708333
6.736111
13.855556
7.708333
6.736111
7.708333
6.736111
7.708333
6.736111
7.708333
6.736111
7.708333
6.736111
7.708333
6.736111
7.708333
6.736111
7.708333
6.736111
7.708333
6.736111
7.708333
6.736111
