12.298029
13.002162
12.529040
12.392648
12.921244
15.358574
12.727733
14.114134
12.207022
13.095716
11.786608
12.842152
13.007288
13.887620
12.698495
12.046447
15.321863
12.202147
14.965989
12.884354
12.441113
13.023594
12.458821
13.005370
12.909236
15.018752
12.148908
13.062359
12.823805
12.883154
12.704532
15.450191
12.829502
12.641413
12.194051
13.947383
14.156774
13.700360
13.204265
12.945987
12.366833
12.255833
13.647016
12.731468
13.046869
12.584434
12.328566
11.865868
13.254075
12.309502
13.014656
13.304677
12.899709
12.782596
12.893624
12.615670
12.590833
12.952329
12.801977
13.443848
12.364221
12.667709
12.865589
12.566498
12.908549
13.634004
12.225286
13.344558
12.045707
13.100316
12.470907
12.735759
14.436225
12.068623
12.352739
12.618718
12.254062
12.885620
11.713142
12.814294
12.622445
14.566684
12.461530
12.638777
12.622413
12.492823
13.073158
12.262362
12.143950
12.214117
13.075476
14.216044
12.271013
12.536903
12.958846
12.248176
12.908747
12.929124
13.505078
14.246404
11.237567
11.237567
12.792322
