16230.000000
16450.000000
17620.000000
18380.000000
18920.000000
18960.000000
19060.000000
20460.000000
20990.000000
21490.000000
22030.000000
22470.000000
23000.000000
23890.000000
24230.000000
24370.000000
24870.000000
25750.000000
26320.000000
27230.000000
29200.000000
31090.000000
35500.000000
35500.000000
35630.000000
36360.000000
37430.000000
37620.000000
37870.000000
37910.000000
39000.000000
39680.000000
40040.000000
40370.000000
41130.000000
41840.000000
42190.000000
42590.000000
43790.000000
44550.000000
44600.000000
44930.000000
46450.000000
47380.000000
47740.000000
48080.000000
48500.000000
49980.000000
50640.000000
50880.000000
35220.000000
35220.000000
35220.000000
35220.000000
35220.000000
35220.000000
35220.000000
35220.000000
35220.000000
35220.000000
35220.000000
35220.000000
35220.000000
35220.000000
35220.000000
35220.000000
35220.000000
35220.000000
35220.000000
35220.000000
35220.000000
35220.000000
35220.000000
35220.000000
35220.000000
35220.000000
35220.000000
35220.000000
35220.000000
35220.000000
35220.000000
35220.000000
35220.000000
35220.000000
35220.000000
35220.000000
35220.000000
35220.000000
35220.000000
35220.000000
35220.000000
35220.000000
35220.000000
35220.000000
35220.000000
35220.000000
35220.000000
35220.000000
35220.000000
35220.000000
35220.000000
35220.000000
35220.000000
35220.000000
35220.000000
35220.000000
35220.000000
35220.000000
35220.000000
35220.000000
35220.000000
35220.000000
35220.000000
35220.000000
35220.000000
35220.000000
35220.000000
35220.000000
35220.000000
35220.000000
35220.000000
35220.000000
35220.000000
35220.000000
35220.000000
35220.000000
35220.000000
35220.000000
35220.000000
35220.000000
35220.000000
35220.000000
35220.000000
35220.000000
35220.000000
35220.000000
35220.000000
35220.000000
35220.000000
35220.000000
35220.000000
35220.000000
35220.000000
35220.000000
35220.000000
35220.000000
35220.000000
35220.000000
35220.000000
35220.000000
35220.000000
35220.000000
35220.000000
35220.000000
35220.000000
35220.000000
35220.000000
35220.000000
35220.000000
35220.000000
35220.000000
35220.000000
35220.000000
35220.000000
35220.000000
35220.000000
35220.000000
35220.000000
35220.000000
35220.000000
35220.000000
35220.000000
35220.000000
35220.000000
35220.000000
35220.000000
35220.000000
35220.000000
35220.000000
35220.000000
35220.000000
35220.000000
35220.000000
35220.000000
35220.000000
35220.000000
35220.000000
35220.000000
35220.000000
35220.000000
35220.000000
35220.000000
35220.000000
35220.000000
35220.000000
35220.000000
35220.000000
35220.000000
35220.000000
35220.000000
35220.000000
35220.000000
35220.000000
35220.000000
35220.000000
35220.000000
35220.000000
35220.000000
35220.000000
35220.000000
35220.000000
35220.000000
35220.000000
35220.000000
35220.000000
35220.000000
35220.000000
35220.000000
35220.000000
35220.000000
35220.000000
35220.000000
35220.000000
35220.000000
35220.000000
35220.000000
35220.000000
35220.000000
35220.000000
35220.000000
35220.000000
35220.000000
35220.000000
35220.000000
35220.000000
35220.000000
35220.000000
35220.000000
35220.000000
35220.000000
35220.000000
35220.000000
35220.000000
35220.000000
35220.000000
35220.000000
35220.000000
35220.000000
35220.000000
35220.000000
35220.000000
35220.000000
35220.000000
35220.000000
35220.000000
35220.000000
35220.000000
35220.000000
35220.000000
35220.000000
35220.000000
35220.000000
35220.000000
35220.000000
35220.000000
35220.000000
35220.000000
35220.000000
35220.000000
35220.000000
35220.000000
35220.000000
35220.000000
35220.000000
35220.000000
35220.000000
35220.000000
35220.000000
35220.000000
35220.000000
35220.000000
35220.000000
35220.000000
35220.000000
35220.000000
35220.000000
35220.000000
35220.000000
35220.000000
35220.000000
35220.000000
35220.000000
35220.000000
35220.000000
35220.000000
35220.000000
35220.000000
35220.000000
35220.000000
35220.000000
35220.000000
35220.000000
35220.000000
35220.000000
35220.000000
35220.000000
35220.000000
35220.000000
35220.000000
35220.000000
35220.000000
35220.000000
35220.000000
35220.000000
35220.000000
35220.000000
35220.000000
35220.000000
35220.000000
35220.000000
35220.000000
35220.000000
35220.000000
35220.000000
35220.000000
35220.000000
35220.000000
35220.000000
35220.000000
35220.000000
35220.000000
35220.000000
35220.000000
35220.000000
35220.000000
35220.000000
35220.000000
35220.000000
35220.000000
35220.000000
35220.000000
35220.000000
35220.000000
35220.000000
35220.000000
35220.000000
35220.000000
35220.000000
35220.000000
35220.000000
35220.000000
35220.000000
35220.000000
35220.000000
35220.000000
35220.000000
35220.000000
35220.000000
35220.000000
35220.000000
35220.000000
35220.000000
35220.000000
35220.000000
35220.000000
35220.000000
35220.000000
35220.000000
35220.000000
35220.000000
35220.000000
35220.000000
35220.000000
35220.000000
35220.000000
35220.000000
35220.000000
35220.000000
35220.000000
35220.000000
35220.000000
35220.000000
35220.000000
35220.000000
35220.000000
35220.000000
35220.000000
35220.000000
35220.000000
35220.000000
35220.000000
35220.000000
35220.000000
35220.000000
35220.000000
35220.000000
35220.000000
35220.000000
35220.000000
35220.000000
35220.000000
35220.000000
35220.000000
35220.000000
35220.000000
35220.000000
35220.000000
35220.000000
35220.000000
35220.000000
35220.000000
35220.000000
35220.000000
35220.000000
35220.000000
35220.000000
35220.000000
35220.000000
35220.000000
35220.000000
35220.000000
35220.000000
35220.000000
35220.000000
35220.000000
35220.000000
35220.000000
35220.000000
35220.000000
35220.000000
35220.000000
35220.000000
35220.000000
35220.000000
35220.000000
35220.000000
35220.000000
35220.000000
35220.000000
35220.000000
35220.000000
35220.000000
35220.000000
35220.000000
35220.000000
35220.000000
35220.000000
35220.000000
35220.000000
35220.000000
35220.000000
35220.000000
35220.000000
35220.000000
35220.000000
35220.000000
35220.000000
35220.000000
35220.000000
35220.000000
35220.000000
35220.000000
35220.000000
35220.000000
35220.000000
35220.000000
35220.000000
35220.000000
35220.000000
35220.000000
35220.000000
35220.000000
