5.813889
5.813889
5.033333
5.813889
5.033333
5.813889
5.033333
5.813889
5.033333
5.813889
5.813889
5.033333
5.813889
5.033333
5.813889
5.033333
5.813889
5.033333
5.813889
5.033333
5.813889
5.813889
5.033333
5.813889
5.033333
5.813889
5.033333
5.813889
5.033333
5.813889
5.813889
5.033333
5.813889
5.033333
5.813889
5.033333
5.813889
5.033333
5.813889
5.033333
5.813889
5.033333
5.813889
5.033333
5.813889
5.033333
5.813889
5.033333
5.813889
5.033333
15.597222
14.816667
9.830556
15.597222
14.816667
9.830556
15.597222
14.816667
9.830556
15.597222
14.816667
9.830556
14.816667
9.830556
9.830556
4.744444
9.830556
4.744444
3.752778
9.830556
4.744444
3.752778
9.830556
4.744444
3.752778
15.597222
14.816667
9.830556
15.597222
14.816667
9.830556
15.597222
14.816667
9.830556
15.597222
14.816667
9.830556
14.816667
9.830556
9.830556
4.744444
9.830556
4.744444
3.752778
9.830556
4.744444
3.752778
9.830556
4.744444
3.752778
9.830556
4.744444
3.752778
15.597222
14.816667
9.830556
15.597222
14.816667
9.830556
15.597222
14.816667
9.830556
15.597222
14.816667
9.830556
15.597222
14.816667
9.830556
14.816667
9.830556
9.830556
9.830556
4.744444
9.830556
4.744444
3.752778
9.830556
4.744444
3.752778
15.597222
14.816667
9.830556
15.597222
14.816667
9.830556
15.597222
14.816667
9.830556
15.597222
14.816667
9.830556
14.816667
9.830556
9.830556
9.830556
4.744444
9.830556
4.744444
3.752778
9.830556
4.744444
3.752778
9.830556
4.744444
3.752778
15.597222
14.816667
9.830556
15.597222
14.816667
9.830556
15.597222
14.816667
9.830556
15.597222
14.816667
9.830556
15.597222
14.816667
9.830556
9.830556
9.830556
4.744444
9.830556
4.744444
3.752778
9.830556
4.744444
3.752778
9.830556
4.744444
3.752778
14.527778
13.536111
14.527778
13.536111
14.527778
13.536111
7.355556
14.527778
13.536111
7.355556
7.125000
14.527778
13.536111
7.355556
7.125000
5.475000
13.536111
7.355556
7.125000
5.475000
5.122222
7.355556
7.125000
5.475000
5.122222
7.355556
7.125000
5.475000
5.122222
2.938889
7.355556
7.125000
5.475000
5.122222
2.938889
14.527778
13.536111
14.527778
13.536111
14.527778
13.536111
7.355556
7.125000
14.527778
13.536111
7.355556
7.125000
14.527778
13.536111
7.355556
7.125000
5.475000
5.122222
13.536111
7.355556
7.125000
5.475000
5.122222
7.355556
7.125000
5.475000
5.122222
7.355556
7.125000
5.475000
5.122222
2.938889
7.355556
7.125000
5.475000
5.122222
2.938889
7.355556
7.125000
5.475000
5.122222
2.938889
14.527778
13.536111
14.527778
13.536111
14.527778
13.536111
14.527778
13.536111
14.527778
13.536111
7.355556
7.125000
14.527778
13.536111
7.355556
7.125000
14.527778
13.536111
7.355556
7.125000
5.475000
5.122222
13.536111
7.355556
7.125000
5.475000
5.122222
7.355556
7.125000
5.475000
5.122222
7.355556
7.125000
5.475000
5.122222
2.938889
14.527778
13.536111
14.527778
13.536111
14.527778
13.536111
14.527778
13.536111
7.355556
7.125000
14.527778
13.536111
7.355556
7.125000
14.527778
13.536111
7.355556
7.125000
5.475000
5.122222
13.536111
7.355556
7.125000
5.475000
5.122222
7.355556
7.125000
5.475000
5.122222
7.355556
7.125000
5.475000
5.122222
7.355556
7.125000
5.475000
5.122222
2.938889
14.527778
13.536111
14.527778
13.536111
14.527778
13.536111
14.527778
13.536111
7.355556
7.125000
14.527778
13.536111
7.355556
7.125000
14.527778
13.536111
7.355556
7.125000
5.475000
5.122222
13.536111
7.355556
7.125000
5.475000
5.122222
7.355556
7.125000
5.475000
5.122222
7.355556
7.125000
5.475000
5.122222
2.938889
7.355556
7.125000
5.475000
5.122222
2.938889
17.138889
16.908333
15.258333
14.905556
12.722222
17.138889
16.908333
15.258333
14.905556
12.722222
16.908333
15.258333
14.905556
12.722222
15.258333
14.905556
12.722222
14.905556
12.722222
12.722222
12.722222
17.138889
16.908333
15.258333
14.905556
12.722222
17.138889
16.908333
15.258333
14.905556
12.722222
15.258333
14.905556
12.722222
15.258333
14.905556
12.722222
12.722222
12.722222
12.722222
17.138889
16.908333
15.258333
14.905556
12.722222
17.138889
16.908333
15.258333
14.905556
12.722222
17.138889
16.908333
15.258333
14.905556
12.722222
17.138889
16.908333
15.258333
14.905556
12.722222
15.258333
14.905556
12.722222
15.258333
14.905556
12.722222
12.722222
12.722222
12.722222
17.138889
16.908333
15.258333
14.905556
12.722222
17.138889
16.908333
15.258333
14.905556
12.722222
17.138889
16.908333
15.258333
14.905556
12.722222
15.258333
14.905556
12.722222
15.258333
14.905556
12.722222
12.722222
12.722222
12.722222
12.722222
17.138889
16.908333
15.258333
14.905556
12.722222
17.138889
16.908333
15.258333
14.905556
12.722222
17.138889
16.908333
15.258333
14.905556
12.722222
15.258333
14.905556
12.722222
15.258333
14.905556
12.722222
12.722222
12.722222
12.722222
7.394444
7.394444
7.394444
7.394444
7.394444
7.394444
7.394444
7.394444
7.394444
7.394444
7.394444
7.394444
7.394444
7.394444
7.394444
7.394444
7.394444
7.394444
7.394444
7.394444
7.394444
7.394444
7.394444
7.394444
7.394444
7.394444
7.394444
7.394444
7.394444
7.394444
7.394444
7.394444
7.394444
7.394444
7.394444
17.177778
17.177778
7.916667
7.916667
7.916667
7.916667
7.916667
7.916667
7.916667
17.177778
17.177778
7.916667
7.916667
7.916667
7.916667
7.916667
7.916667
7.916667
7.916667
7.916667
17.177778
17.177778
17.177778
17.177778
7.916667
7.916667
7.916667
7.916667
7.916667
7.916667
7.916667
17.177778
17.177778
17.177778
7.916667
7.916667
7.916667
7.916667
7.916667
7.916667
7.916667
7.916667
17.177778
17.177778
17.177778
7.916667
7.916667
7.916667
7.916667
7.916667
7.916667
7.916667
17.700000
17.700000
6.183333
6.183333
6.183333
6.183333
6.183333
17.700000
6.183333
6.183333
6.183333
6.183333
6.183333
6.183333
6.183333
17.700000
17.700000
17.700000
6.183333
6.183333
6.183333
6.183333
6.183333
17.700000
17.700000
6.183333
6.183333
6.183333
6.183333
6.183333
6.183333
17.700000
17.700000
17.700000
6.183333
6.183333
6.183333
6.183333
6.183333
6.183333
15.966667
15.966667
15.966667
15.966667
2.155556
15.966667
15.966667
15.966667
2.155556
2.155556
2.155556
15.966667
15.966667
15.966667
15.966667
15.966667
15.966667
15.966667
15.966667
15.966667
15.966667
15.966667
15.966667
15.966667
11.938889
11.938889
11.938889
11.938889
6.502778
11.938889
6.502778
11.938889
6.502778
5.091667
11.938889
6.502778
5.091667
11.938889
6.502778
5.091667
3.438889
6.502778
5.091667
3.438889
11.938889
11.938889
11.938889
11.938889
6.502778
11.938889
6.502778
5.091667
11.938889
6.502778
5.091667
11.938889
6.502778
5.091667
3.438889
6.502778
5.091667
3.438889
6.502778
5.091667
3.438889
6.502778
5.091667
3.438889
11.938889
11.938889
11.938889
11.938889
11.938889
11.938889
6.502778
11.938889
6.502778
5.091667
11.938889
6.502778
5.091667
11.938889
6.502778
5.091667
3.438889
11.938889
6.502778
5.091667
3.438889
11.938889
11.938889
11.938889
11.938889
11.938889
6.502778
11.938889
6.502778
5.091667
11.938889
6.502778
5.091667
11.938889
6.502778
5.091667
11.938889
6.502778
5.091667
3.438889
11.938889
6.502778
5.091667
3.438889
11.938889
11.938889
11.938889
11.938889
11.938889
6.502778
11.938889
6.502778
5.091667
11.938889
6.502778
5.091667
11.938889
6.502778
5.091667
3.438889
11.938889
6.502778
5.091667
3.438889
11.938889
6.502778
5.091667
3.438889
