770.000000
19140.000000
21490.000000
28190.000000
23480.000000
27640.000000
22930.000000
4970.000000
27410.000000
19490.000000
380.000000
5160.000000
18270.000000
26900.000000
10380.000000
19600.000000
25130.000000
10070.000000
18060.000000
8780.000000
4240.000000
16180.000000
13920.000000
14190.000000
17700.000000
27990.000000
2910.000000
26080.000000
29010.000000
26640.000000
22010.000000
17810.000000
14740.000000
26190.000000
2520.000000
16950.000000
26320.000000
26220.000000
26410.000000
2410.000000
2200.000000
25310.000000
4600.000000
22340.000000
14260.000000
21360.000000
28060.000000
28080.000000
24810.000000
28720.000000
16240.000000
14960.000000
17700.000000
12240.000000
8700.000000
8150.000000
12470.000000
10670.000000
7720.000000
6970.000000
14290.000000
4760.000000
20920.000000
9030.000000
7190.000000
6970.000000
410.000000
24730.000000
11400.000000
24070.000000
4220.000000
8850.000000
26800.000000
3500.000000
17620.000000
17780.000000
13320.000000
6540.000000
20270.000000
5360.000000
28710.000000
19380.000000
11170.000000
26880.000000
12880.000000
26030.000000
210.000000
27030.000000
13100.000000
6660.000000
23870.000000
3460.000000
3720.000000
5000.000000
27490.000000
4920.000000
28410.000000
5550.000000
23380.000000
2940.000000
14680.000000
9750.000000
22830.000000
29520.000000
28780.000000
19020.000000
11320.000000
7100.000000
11180.000000
20830.000000
28810.000000
23560.000000
26790.000000
20840.000000
14290.000000
18110.000000
5650.000000
20540.000000
6830.000000
21240.000000
24110.000000
13400.000000
10040.000000
28000.000000
10250.000000
23220.000000
10420.000000
8480.000000
28280.000000
19560.000000
4560.000000
15120.000000
16860.000000
18880.000000
23340.000000
280.000000
20570.000000
1690.000000
4880.000000
4680.000000
4270.000000
1160.000000
3570.000000
2740.000000
21000.000000
20150.000000
720.000000
12710.000000
11430.000000
19280.000000
8870.000000
22230.000000
21510.000000
600.000000
6140.000000
13120.000000
21530.000000
24140.000000
16270.000000
21060.000000
11080.000000
2590.000000
7410.000000
15870.000000
13940.000000
29680.000000
23200.000000
8200.000000
4980.000000
14160.000000
1070.000000
14090.000000
27050.000000
22410.000000
11370.000000
8480.000000
10100.000000
16210.000000
18430.000000
4340.000000
20970.000000
6600.000000
3530.000000
8000.000000
19280.000000
28650.000000
4400.000000
23770.000000
4460.000000
28270.000000
14440.000000
29500.000000
13500.000000
28220.000000
890.000000
7510.000000
3830.000000
22760.000000
16070.000000
29210.000000
24740.000000
12460.000000
4140.000000
16390.000000
8900.000000
8760.000000
21130.000000
18460.000000
8370.000000
10530.000000
19930.000000
26940.000000
14500.000000
18710.000000
27310.000000
26340.000000
27150.000000
5890.000000
15830.000000
24800.000000
6380.000000
12740.000000
29120.000000
7430.000000
33460.000000
36700.000000
17770.000000
27220.000000
7520.000000
15040.000000
24980.000000
6300.000000
2320.000000
26730.000000
25300.000000
7460.000000
9080.000000
8110.000000
28710.000000
2410.000000
9740.000000
4780.000000
17970.000000
27290.000000
4680.000000
210.000000
6480.000000
17670.000000
20660.000000
15280.000000
26230.000000
3490.000000
28030.000000
2800.000000
7570.000000
21370.000000
9690.000000
15590.000000
1160.000000
8380.000000
26830.000000
500.000000
990.000000
14380.000000
2880.000000
3650.000000
26630.000000
7500.000000
15830.000000
6880.000000
7590.000000
9010.000000
3410.000000
26890.000000
25760.000000
22410.000000
20100.000000
11540.000000
27410.000000
25140.000000
1840.000000
8270.000000
11720.000000
20930.000000
5920.000000
17370.000000
14050.000000
20480.000000
8960.000000
16720.000000
12050.000000
19000.000000
27920.000000
17970.000000
29570.000000
12010.000000
25370.000000
18740.000000
10460.000000
18950.000000
7320.000000
10320.000000
26160.000000
26690.000000
11970.000000
15460.000000
20900.000000
13980.000000
17260.000000
11690.000000
11350.000000
4480.000000
12240.000000
140.000000
27190.000000
23480.000000
9660.000000
25840.000000
14910.000000
14350.000000
2840.000000
22280.000000
24180.000000
13600.000000
28150.000000
25550.000000
9590.000000
4050.000000
11570.000000
4410.000000
15150.000000
20980.000000
27990.000000
23720.000000
640.000000
19760.000000
4600.000000
7880.000000
17400.000000
43720.000000
29670.000000
18080.000000
3010.000000
24420.000000
11490.000000
33700.000000
21370.000000
23510.000000
11960.000000
10900.000000
15180.000000
6670.000000
16970.000000
20260.000000
19950.000000
10940.000000
20090.000000
7780.000000
2610.000000
3790.000000
16170.000000
10070.000000
15850.000000
21760.000000
2950.000000
5760.000000
18260.000000
17910.000000
13430.000000
10690.000000
7610.000000
17150.000000
9350.000000
11530.000000
10220.000000
22310.000000
6890.000000
6700.000000
29210.000000
1490.000000
1370.000000
15950.000000
23090.000000
15880.000000
2430.000000
21220.000000
29100.000000
9630.000000
1120.000000
8330.000000
17270.000000
13970.000000
19960.000000
90.000000
13090.000000
4240.000000
26240.000000
24060.000000
15130.000000
16830.000000
7830.000000
21020.000000
26310.000000
19440.000000
11490.000000
32400.000000
30170.000000
7250.000000
28900.000000
9680.000000
17930.000000
18050.000000
1870.000000
13750.000000
6640.000000
29150.000000
6580.000000
15650.000000
17710.000000
26810.000000
21770.000000
25320.000000
720.000000
26430.000000
5330.000000
27750.000000
1540.000000
6730.000000
5300.000000
8530.000000
5160.000000
15310.000000
15980.000000
2030.000000
6900.000000
9310.000000
22890.000000
4420.000000
13470.000000
9060.000000
31340.000000
34770.000000
21380.000000
22960.000000
500.000000
28810.000000
14800.000000
16190.000000
19450.000000
6300.000000
2570.000000
20990.000000
28560.000000
27290.000000
6760.000000
18810.000000
16170.000000
25970.000000
15910.000000
3180.000000
13700.000000
19410.000000
2680.000000
19090.000000
22160.000000
6860.000000
12550.000000
10340.000000
27950.000000
1960.000000
21810.000000
15040.000000
4920.000000
18190.000000
3720.000000
15870.000000
25050.000000
4050.000000
11880.000000
12490.000000
5500.000000
16180.000000
880.000000
22510.000000
25820.000000
27660.000000
14850.000000
20900.000000
4700.000000
14420.000000
16790.000000
23000.000000
6990.000000
15830.000000
14990.000000
10960.000000
12700.000000
21960.000000
4580.000000
4630.000000
17630.000000
21150.000000
21180.000000
23990.000000
21780.000000
3600.000000
26470.000000
25310.000000
24250.000000
27960.000000
6460.000000
24220.000000
28080.000000
28730.000000
13190.000000
4980.000000
6970.000000
20480.000000
2130.000000
28070.000000
8540.000000
9400.000000
21480.000000
19090.000000
23900.000000
4840.000000
22450.000000
22270.000000
21420.000000
12200.000000
1650.000000
760.000000
15300.000000
15400.000000
21970.000000
18200.000000
3260.000000
3000.000000
14010.000000
2830.000000
3520.000000
15860.000000
18000.000000
12270.000000
7680.000000
29110.000000
26800.000000
28760.000000
22250.000000
21040.000000
8340.000000
2130.000000
9070.000000
18160.000000
9070.000000
19470.000000
7830.000000
550.000000
1100.000000
29620.000000
25870.000000
15070.000000
200.000000
7610.000000
11010.000000
20920.000000
24140.000000
6450.000000
920.000000
29390.000000
7880.000000
8110.000000
14100.000000
14820.000000
14570.000000
22850.000000
27670.000000
12410.000000
610.000000
2260.000000
27980.000000
2410.000000
4700.000000
4080.000000
22550.000000
24460.000000
12120.000000
2990.000000
27080.000000
13990.000000
20170.000000
10680.000000
3550.000000
27430.000000
23890.000000
7010.000000
20440.000000
29000.000000
4120.000000
15110.000000
14280.000000
7950.000000
5740.000000
11770.000000
28800.000000
21820.000000
1130.000000
23070.000000
6230.000000
10010.000000
14610.000000
1870.000000
27740.000000
14060.000000
16190.000000
27120.000000
13380.000000
12210.000000
19060.000000
25330.000000
3130.000000
1430.000000
8190.000000
3470.000000
3000.000000
1690.000000
7680.000000
18280.000000
13620.000000
12140.000000
18230.000000
30860.000000
11600.000000
21540.000000
19090.000000
23380.000000
5950.000000
1450.000000
15100.000000
24730.000000
2790.000000
24670.000000
9180.000000
22860.000000
28390.000000
13420.000000
1050.000000
5430.000000
20590.000000
4150.000000
16790.000000
13720.000000
25480.000000
19850.000000
12410.000000
21860.000000
20820.000000
8130.000000
17760.000000
4940.000000
1980.000000
670.000000
16910.000000
6620.000000
23580.000000
29060.000000
13650.000000
8260.000000
3810.000000
25310.000000
6880.000000
5760.000000
10660.000000
26720.000000
14560.000000
10480.000000
9650.000000
160.000000
12810.000000
15420.000000
24860.000000
29350.000000
3420.000000
4740.000000
18020.000000
28690.000000
4000.000000
26490.000000
20420.000000
6310.000000
7020.000000
2540.000000
13730.000000
16910.000000
29390.000000
2690.000000
5890.000000
22450.000000
23940.000000
3890.000000
34610.000000
5520.000000
22860.000000
9950.000000
11080.000000
20480.000000
11650.000000
19510.000000
29700.000000
160.000000
14280.000000
9860.000000
22810.000000
19040.000000
16830.000000
23080.000000
7910.000000
9890.000000
10870.000000
1750.000000
4520.000000
22970.000000
9540.000000
3560.000000
9750.000000
22390.000000
26670.000000
12820.000000
16210.000000
11150.000000
23980.000000
22450.000000
24850.000000
2840.000000
28090.000000
4940.000000
25330.000000
24790.000000
220.000000
16400.000000
23310.000000
2650.000000
3850.000000
6320.000000
3160.000000
1050.000000
1800.000000
29080.000000
14930.000000
29750.000000
13050.000000
24350.000000
27740.000000
11820.000000
22670.000000
27110.000000
9110.000000
17330.000000
18400.000000
29020.000000
16590.000000
10030.000000
12510.000000
27050.000000
25120.000000
23540.000000
2560.000000
29570.000000
7620.000000
9350.000000
16280.000000
15820.000000
24470.000000
12510.000000
27890.000000
3910.000000
5050.000000
20760.000000
27480.000000
19400.000000
24370.000000
21400.000000
42890.000000
400.000000
8660.000000
24240.000000
710.000000
8350.000000
880.000000
910.000000
610.000000
2920.000000
12320.000000
20580.000000
4910.000000
29420.000000
11550.000000
9150.000000
2370.000000
10910.000000
24950.000000
27160.000000
4040.000000
22970.000000
20960.000000
25590.000000
4950.000000
24050.000000
6390.000000
12190.000000
23740.000000
26350.000000
28050.000000
22980.000000
11800.000000
8100.000000
23600.000000
13940.000000
20680.000000
27180.000000
3660.000000
25440.000000
23830.000000
7350.000000
14310.000000
80.000000
8060.000000
9820.000000
11430.000000
15050.000000
16790.000000
5870.000000
10870.000000
19290.000000
8630.000000
8980.000000
25010.000000
10140.000000
3190.000000
17550.000000
13430.000000
12680.000000
8070.000000
20250.000000
7690.000000
3560.000000
8940.000000
10070.000000
23900.000000
18800.000000
9840.000000
25760.000000
9120.000000
27760.000000
12440.000000
20680.000000
16490.000000
19560.000000
20230.000000
26950.000000
9290.000000
24540.000000
110.000000
5680.000000
26030.000000
8480.000000
20580.000000
26730.000000
12650.000000
12340.000000
15900.000000
3560.000000
14440.000000
19770.000000
12360.000000
23940.000000
29110.000000
7490.000000
27400.000000
1160.000000
4920.000000
20810.000000
4390.000000
20440.000000
14990.000000
10000.000000
19150.000000
6660.000000
9370.000000
11690.000000
18040.000000
9030.000000
4890.000000
2310.000000
27180.000000
13060.000000
10010.000000
22560.000000
7140.000000
20850.000000
1760.000000
11240.000000
27130.000000
2620.000000
5030.000000
16450.000000
5290.000000
470.000000
11400.000000
29690.000000
270.000000
22140.000000
26390.000000
20820.000000
16590.000000
16290.000000
2510.000000
22720.000000
27530.000000
3610.000000
24840.000000
17080.000000
25850.000000
23890.000000
3060.000000
3170.000000
2780.000000
5510.000000
19330.000000
29630.000000
19250.000000
12500.000000
9020.000000
21870.000000
30.000000
13270.000000
790.000000
16770.000000
27880.000000
9570.000000
9230.000000
3120.000000
15050.000000
20780.000000
4480.000000
15560.000000
6840.000000
190.000000
720.000000
18500.000000
27630.000000
4060.000000
2650.000000
10400.000000
8710.000000
16500.000000
23120.000000
8640.000000
20350.000000
29130.000000
6560.000000
23990.000000
27950.000000
5330.000000
14580.000000
5120.000000
18860.000000
4800.000000
26490.000000
6100.000000
19080.000000
3510.000000
3120.000000
19090.000000
8490.000000
12570.000000
8480.000000
17860.000000
26020.000000
23550.000000
4080.000000
26940.000000
7130.000000
1200.000000
19340.000000
26640.000000
4430.000000
17500.000000
7120.000000
13550.000000
13280.000000
13450.000000
23870.000000
1410.000000
9390.000000
24490.000000
25540.000000
3380.000000
14620.000000
11610.000000
3810.000000
17870.000000
14210.000000
2410.000000
14690.000000
5080.000000
14640.000000
3850.000000
18880.000000
19280.000000
4260.000000
12830.000000
25450.000000
8780.000000
17270.000000
6770.000000
890.000000
15010.000000
7530.000000
23740.000000
28180.000000
170.000000
21640.000000
18690.000000
300.000000
4340.000000
5750.000000
2920.000000
6650.000000
10050.000000
18970.000000
25120.000000
28530.000000
10300.000000
12240.000000
3350.000000
9420.000000
9350.000000
4510.000000
4280.000000
1440.000000
14430.000000
17840.000000
19740.000000
8780.000000
14200.000000
6190.000000
4500.000000
27770.000000
7360.000000
24230.000000
11080.000000
8520.000000
730.000000
26910.000000
13910.000000
5160.000000
4610.000000
7090.000000
6700.000000
16530.000000
15470.000000
28390.000000
5020.000000
19290.000000
4490.000000
18320.000000
4410.000000
16300.000000
25350.000000
11660.000000
15420.000000
4950.000000
9310.000000
18100.000000
21170.000000
23390.000000
9500.000000
1280.000000
4940.000000
4090.000000
45320.000000
23100.000000
30390.000000
8440.000000
13720.000000
25190.000000
20830.000000
13000.000000
14330.000000
480.000000
11670.000000
15900.000000
2310.000000
24710.000000
19450.000000
22620.000000
23000.000000
6200.000000
17940.000000
20970.000000
10190.000000
8250.000000
20220.000000
26700.000000
2970.000000
9870.000000
920.000000
9050.000000
3410.000000
15180.000000
22020.000000
25270.000000
6290.000000
13660.000000
15650.000000
17530.000000
21740.000000
6890.000000
18370.000000
45320.000000
29190.000000
6520.000000
29250.000000
28170.000000
18330.000000
28370.000000
8380.000000
1500.000000
24200.000000
18840.000000
5780.000000
4670.000000
9290.000000
7780.000000
22220.000000
14680.000000
14420.000000
20410.000000
23600.000000
4610.000000
7660.000000
19680.000000
3420.000000
7600.000000
15280.000000
25670.000000
5570.000000
13940.000000
10280.000000
29230.000000
7960.000000
17810.000000
27440.000000
24850.000000
14350.000000
20350.000000
16810.000000
380.000000
7700.000000
14260.000000
9010.000000
2370.000000
20740.000000
5710.000000
9570.000000
14480.000000
2450.000000
19300.000000
