5.000000 5.000000
5.783276 6.122779
6.873573 7.859505
6.792094 4.836175
7.798604 3.085132
6.059681 7.495020
4.779426 6.974102
3.649287 7.315324
2.461485 1.744638
4.964093 9.060891
3.273325 3.036344
1.320506 2.983265
2.720710 2.891420
2.090225 8.186838
4.991315 5.169089
5.712830 6.954881
4.818874 4.937961
6.993122 1.126310
2.137163 4.937929
4.848651 4.634222
5.221034 1.320365
4.641678 4.553868
2.759075 6.975534
8.522379 6.939440
5.230696 4.389364
5.847176 2.916853
7.041106 5.674970
3.744403 4.155299
5.287192 4.941959
7.406355 4.791088
6.222430 2.393619
4.520905 3.792575
4.655019 4.662573
2.956073 3.530043
4.732975 4.417483
5.446082 4.284477
4.249307 5.192691
2.640932 4.270416
7.587796 4.274504
4.055910 9.354599
0.825065 5.411584
5.723285 3.273375
4.427907 4.545678
3.547257 3.348596
4.266866 5.422968
5.591518 2.025720
8.894364 2.116592
3.957306 8.899560
9.164094 7.728687
7.720372 1.393513
5.021861 9.982602
