5.000000 5.000000
5.696150 4.116161

5.696150 4.116161
4.428953 4.475152

4.428953 4.475152
4.034335 3.669075

4.034335 3.669075
3.808144 2.729417

3.808144 2.729417
4.202242 0.157822

4.202242 0.157822
3.808144 2.729417

3.808144 2.729417
2.906239 0.636565

2.906239 0.636565
3.808144 2.729417

3.808144 2.729417
2.972949 1.506009

2.972949 1.506009
3.808144 2.729417

3.808144 2.729417
3.194876 3.139792

3.194876 3.139792
2.489266 1.567640

2.489266 1.567640
3.194876 3.139792

3.194876 3.139792
2.575243 4.219810

2.575243 4.219810
3.889674 5.209271

3.889674 5.209271
4.001764 5.363150

4.001764 5.363150
5.000000 5.000000

