5.000000 5.000000
4.865265 5.672997

4.865265 5.672997
4.818526 5.712603

4.818526 5.712603
4.527841 7.267966

4.527841 7.267966
4.867850 9.157863

4.867850 9.157863
4.527841 7.267966

4.527841 7.267966
2.918119 9.243574

2.918119 9.243574
4.527841 7.267966

4.527841 7.267966
3.420949 9.393491

3.420949 9.393491
4.527841 7.267966

4.527841 7.267966
3.676964 9.410055

3.676964 9.410055
4.527841 7.267966

4.527841 7.267966
4.966388 9.064093

4.966388 9.064093
4.527841 7.267966

4.527841 7.267966
4.818526 5.712603

4.818526 5.712603
4.865265 5.672997

4.865265 5.672997
5.030355 5.666655

5.030355 5.666655
5.116131 5.796408

5.116131 5.796408
5.030355 5.666655

5.030355 5.666655
5.000000 5.000000

