8.669444
8.669444
8.669444
8.669444
8.669444
8.669444
4.358333
4.338889
8.669444
4.358333
4.338889
3.511111
8.669444
4.358333
4.338889
3.511111
8.669444
8.669444
8.669444
8.669444
8.669444
4.358333
4.338889
8.669444
4.358333
4.338889
3.511111
8.669444
4.358333
4.338889
3.511111
8.669444
4.358333
4.338889
3.511111
8.669444
4.358333
4.338889
3.511111
8.669444
8.669444
8.669444
8.669444
8.669444
8.669444
8.669444
4.358333
4.338889
8.669444
4.358333
4.338889
3.511111
8.669444
4.358333
4.338889
3.511111
8.669444
8.669444
8.669444
8.669444
8.669444
8.669444
4.358333
4.338889
8.669444
4.358333
4.338889
8.669444
4.358333
4.338889
3.511111
8.669444
4.358333
4.338889
3.511111
8.669444
8.669444
8.669444
8.669444
8.669444
8.669444
4.358333
4.338889
8.669444
4.358333
4.338889
3.511111
8.669444
4.358333
4.338889
3.511111
8.669444
4.358333
4.338889
3.511111
18.452778
14.141667
14.122222
13.294444
14.141667
14.122222
13.294444
14.141667
14.122222
13.294444
14.141667
14.122222
13.294444
7.075000
14.141667
14.122222
13.294444
7.075000
14.141667
14.122222
13.294444
7.075000
13.294444
7.075000
7.075000
7.075000
18.452778
14.141667
14.122222
13.294444
14.141667
14.122222
13.294444
14.141667
14.122222
13.294444
7.075000
14.141667
14.122222
13.294444
7.075000
14.141667
14.122222
13.294444
7.075000
13.294444
7.075000
7.075000
7.075000
7.075000
1.683333
7.075000
1.683333
0.869444
18.452778
14.141667
14.122222
13.294444
14.141667
14.122222
13.294444
14.141667
14.122222
13.294444
14.141667
14.122222
13.294444
14.141667
14.122222
13.294444
7.075000
14.141667
14.122222
13.294444
7.075000
14.141667
14.122222
13.294444
7.075000
13.294444
7.075000
7.075000
7.075000
18.452778
14.141667
14.122222
13.294444
14.141667
14.122222
13.294444
14.141667
14.122222
13.294444
14.141667
14.122222
13.294444
7.075000
14.141667
14.122222
13.294444
7.075000
14.141667
14.122222
13.294444
7.075000
13.294444
7.075000
13.294444
7.075000
7.075000
7.075000
18.452778
14.141667
14.122222
13.294444
14.141667
14.122222
13.294444
14.141667
14.122222
13.294444
14.141667
14.122222
13.294444
7.075000
14.141667
14.122222
13.294444
7.075000
14.141667
14.122222
13.294444
7.075000
13.294444
7.075000
7.075000
7.075000
7.075000
16.858333
11.466667
10.652778
10.091667
9.436111
16.858333
11.466667
10.652778
10.091667
9.436111
16.858333
11.466667
10.652778
10.091667
9.436111
7.366667
11.466667
10.652778
10.091667
9.436111
7.366667
11.466667
10.652778
10.091667
9.436111
7.366667
11.466667
10.652778
10.091667
9.436111
7.366667
11.466667
10.652778
10.091667
9.436111
7.366667
3.911111
11.466667
10.652778
10.091667
9.436111
7.366667
3.911111
2.808333
11.466667
10.652778
10.091667
9.436111
7.366667
3.911111
2.808333
2.455556
2.280556
16.858333
11.466667
10.652778
10.091667
9.436111
16.858333
11.466667
10.652778
10.091667
9.436111
11.466667
10.652778
10.091667
9.436111
7.366667
11.466667
10.652778
10.091667
9.436111
7.366667
11.466667
10.652778
10.091667
9.436111
7.366667
11.466667
10.652778
10.091667
9.436111
7.366667
11.466667
10.652778
10.091667
9.436111
7.366667
3.911111
11.466667
10.652778
10.091667
9.436111
7.366667
3.911111
2.808333
2.455556
2.280556
10.652778
10.091667
9.436111
7.366667
3.911111
2.808333
2.455556
2.280556
1.733333
10.091667
9.436111
7.366667
3.911111
2.808333
2.455556
2.280556
1.733333
0.752778
16.858333
11.466667
10.652778
10.091667
9.436111
16.858333
11.466667
10.652778
10.091667
9.436111
16.858333
11.466667
10.652778
10.091667
9.436111
16.858333
11.466667
10.652778
10.091667
9.436111
11.466667
10.652778
10.091667
9.436111
7.366667
11.466667
10.652778
10.091667
9.436111
7.366667
11.466667
10.652778
10.091667
9.436111
7.366667
11.466667
10.652778
10.091667
9.436111
7.366667
11.466667
10.652778
10.091667
9.436111
7.366667
3.911111
11.466667
10.652778
10.091667
9.436111
7.366667
3.911111
2.808333
16.858333
11.466667
10.652778
10.091667
9.436111
16.858333
11.466667
10.652778
10.091667
9.436111
16.858333
11.466667
10.652778
10.091667
9.436111
11.466667
10.652778
10.091667
9.436111
7.366667
11.466667
10.652778
10.091667
9.436111
7.366667
11.466667
10.652778
10.091667
9.436111
7.366667
11.466667
10.652778
10.091667
9.436111
7.366667
11.466667
10.652778
10.091667
9.436111
7.366667
3.911111
11.466667
10.652778
10.091667
9.436111
7.366667
3.911111
11.466667
10.652778
10.091667
9.436111
7.366667
3.911111
2.808333
16.858333
11.466667
10.652778
10.091667
9.436111
16.858333
11.466667
10.652778
10.091667
9.436111
16.858333
11.466667
10.652778
10.091667
9.436111
11.466667
10.652778
10.091667
9.436111
7.366667
11.466667
10.652778
10.091667
9.436111
7.366667
11.466667
10.652778
10.091667
9.436111
7.366667
11.466667
10.652778
10.091667
9.436111
7.366667
11.466667
10.652778
10.091667
9.436111
7.366667
3.911111
11.466667
10.652778
10.091667
9.436111
7.366667
3.911111
2.808333
11.466667
10.652778
10.091667
9.436111
7.366667
3.911111
2.808333
2.455556
2.280556
17.150000
13.694444
12.591667
12.238889
12.063889
11.516667
10.536111
17.150000
13.694444
12.591667
12.238889
12.063889
11.516667
10.536111
13.694444
12.591667
12.238889
12.063889
11.516667
10.536111
13.694444
12.591667
12.238889
12.063889
11.516667
10.536111
13.694444
12.591667
12.238889
12.063889
11.516667
10.536111
5.505556
13.694444
12.591667
12.238889
12.063889
11.516667
10.536111
5.505556
5.130556
12.591667
12.238889
12.063889
11.516667
10.536111
5.505556
5.130556
12.238889
12.063889
11.516667
10.536111
5.505556
5.130556
11.516667
10.536111
5.505556
5.130556
2.611111
17.150000
13.694444
12.591667
12.238889
12.063889
11.516667
10.536111
17.150000
13.694444
12.591667
12.238889
12.063889
11.516667
10.536111
13.694444
12.591667
12.238889
12.063889
11.516667
10.536111
13.694444
12.591667
12.238889
12.063889
11.516667
10.536111
13.694444
12.591667
12.238889
12.063889
11.516667
10.536111
5.505556
5.130556
13.694444
12.591667
12.238889
12.063889
11.516667
10.536111
5.505556
5.130556
12.591667
12.238889
12.063889
11.516667
10.536111
5.505556
5.130556
11.516667
10.536111
5.505556
5.130556
2.611111
10.536111
5.505556
5.130556
2.611111
5.505556
5.130556
2.611111
17.150000
13.694444
12.591667
12.238889
12.063889
11.516667
10.536111
17.150000
13.694444
12.591667
12.238889
12.063889
11.516667
10.536111
17.150000
13.694444
12.591667
12.238889
12.063889
11.516667
10.536111
17.150000
13.694444
12.591667
12.238889
12.063889
11.516667
10.536111
13.694444
12.591667
12.238889
12.063889
11.516667
10.536111
13.694444
12.591667
12.238889
12.063889
11.516667
10.536111
13.694444
12.591667
12.238889
12.063889
11.516667
10.536111
5.505556
5.130556
13.694444
12.591667
12.238889
12.063889
11.516667
10.536111
5.505556
5.130556
12.591667
12.238889
12.063889
11.516667
10.536111
5.505556
5.130556
12.238889
12.063889
11.516667
10.536111
5.505556
5.130556
2.611111
17.150000
13.694444
12.591667
12.238889
12.063889
11.516667
10.536111
17.150000
13.694444
12.591667
12.238889
12.063889
11.516667
10.536111
17.150000
13.694444
12.591667
12.238889
12.063889
11.516667
10.536111
13.694444
12.591667
12.238889
12.063889
11.516667
10.536111
13.694444
12.591667
12.238889
12.063889
11.516667
10.536111
13.694444
12.591667
12.238889
12.063889
11.516667
10.536111
5.505556
5.130556
13.694444
12.591667
12.238889
12.063889
11.516667
10.536111
5.505556
5.130556
12.591667
12.238889
12.063889
11.516667
10.536111
5.505556
5.130556
12.591667
12.238889
12.063889
11.516667
10.536111
5.505556
5.130556
12.238889
12.063889
11.516667
10.536111
5.505556
5.130556
2.611111
17.150000
13.694444
12.591667
12.238889
12.063889
11.516667
10.536111
17.150000
13.694444
12.591667
12.238889
12.063889
11.516667
10.536111
17.150000
13.694444
12.591667
12.238889
12.063889
11.516667
10.536111
13.694444
12.591667
12.238889
12.063889
11.516667
10.536111
13.694444
12.591667
12.238889
12.063889
11.516667
10.536111
13.694444
12.591667
12.238889
12.063889
11.516667
10.536111
5.505556
5.130556
13.694444
12.591667
12.238889
12.063889
11.516667
10.536111
5.505556
5.130556
12.591667
12.238889
12.063889
11.516667
10.536111
5.505556
5.130556
12.238889
12.063889
11.516667
10.536111
5.505556
5.130556
11.516667
10.536111
5.505556
5.130556
2.611111
15.288889
14.913889
12.394444
15.288889
14.913889
12.394444
15.288889
14.913889
12.394444
15.288889
14.913889
12.394444
6.755556
14.913889
12.394444
6.755556
12.394444
6.755556
12.394444
6.755556
12.394444
6.755556
3.180556
6.755556
3.180556
1.877778
15.288889
14.913889
12.394444
15.288889
14.913889
12.394444
15.288889
14.913889
12.394444
15.288889
14.913889
12.394444
6.755556
12.394444
6.755556
12.394444
6.755556
12.394444
6.755556
3.180556
6.755556
3.180556
6.755556
3.180556
1.877778
6.755556
3.180556
1.877778
15.288889
14.913889
12.394444
15.288889
14.913889
12.394444
15.288889
14.913889
12.394444
15.288889
14.913889
12.394444
15.288889
14.913889
12.394444
6.755556
15.288889
14.913889
12.394444
6.755556
12.394444
6.755556
12.394444
6.755556
12.394444
6.755556
6.755556
3.180556
15.288889
14.913889
12.394444
15.288889
14.913889
12.394444
15.288889
14.913889
12.394444
15.288889
14.913889
12.394444
15.288889
14.913889
12.394444
6.755556
12.394444
6.755556
12.394444
6.755556
12.394444
6.755556
12.394444
6.755556
3.180556
6.755556
3.180556
15.288889
14.913889
12.394444
15.288889
14.913889
12.394444
15.288889
14.913889
12.394444
15.288889
14.913889
12.394444
15.288889
14.913889
12.394444
6.755556
12.394444
6.755556
12.394444
6.755556
12.394444
6.755556
12.394444
6.755556
3.180556
6.755556
3.180556
16.538889
12.963889
11.661111
16.538889
12.963889
11.661111
16.538889
12.963889
11.661111
12.963889
11.661111
12.963889
11.661111
5.544444
12.963889
11.661111
5.544444
12.963889
11.661111
5.544444
11.661111
5.544444
2.783333
5.544444
2.783333
16.538889
12.963889
11.661111
16.538889
12.963889
11.661111
16.538889
12.963889
11.661111
12.963889
11.661111
12.963889
11.661111
5.544444
12.963889
11.661111
5.544444
11.661111
5.544444
11.661111
5.544444
2.783333
5.544444
2.783333
5.544444
2.783333
16.538889
12.963889
11.661111
16.538889
12.963889
11.661111
16.538889
12.963889
11.661111
16.538889
12.963889
11.661111
12.963889
11.661111
12.963889
11.661111
12.963889
11.661111
5.544444
12.963889
11.661111
5.544444
12.963889
11.661111
5.544444
11.661111
5.544444
2.783333
16.538889
12.963889
11.661111
16.538889
12.963889
11.661111
16.538889
12.963889
11.661111
16.538889
12.963889
11.661111
12.963889
11.661111
12.963889
11.661111
5.544444
12.963889
11.661111
5.544444
12.963889
11.661111
5.544444
11.661111
5.544444
11.661111
5.544444
2.783333
16.538889
12.963889
11.661111
16.538889
12.963889
11.661111
16.538889
12.963889
11.661111
16.538889
12.963889
11.661111
12.963889
11.661111
12.963889
11.661111
5.544444
12.963889
11.661111
5.544444
12.963889
11.661111
5.544444
11.661111
5.544444
2.783333
11.661111
5.544444
2.783333
