4820.000000
5150.000000
6620.000000
6970.000000
7370.000000
8570.000000
9330.000000
9380.000000
9710.000000
11230.000000
12160.000000
12520.000000
12860.000000
13280.000000
14760.000000
15420.000000
15660.000000
16230.000000
16450.000000
17620.000000
18380.000000
18920.000000
18960.000000
19060.000000
20460.000000
20990.000000
21490.000000
22030.000000
22470.000000
23000.000000
23890.000000
24230.000000
24370.000000
24870.000000
25750.000000
26320.000000
27230.000000
29200.000000
31090.000000
35500.000000
35500.000000
35630.000000
36360.000000
37430.000000
37620.000000
37870.000000
37910.000000
39000.000000
39680.000000
35220.000000
35220.000000
41130.000000
35220.000000
35220.000000
35220.000000
35220.000000
35220.000000
35220.000000
35220.000000
35220.000000
35220.000000
35220.000000
35220.000000
35220.000000
35220.000000
35220.000000
35220.000000
35220.000000
35220.000000
35220.000000
35220.000000
35220.000000
35220.000000
35220.000000
35220.000000
35220.000000
35220.000000
35220.000000
35220.000000
35220.000000
35220.000000
35220.000000
35220.000000
35220.000000
35220.000000
35220.000000
35220.000000
35220.000000
35220.000000
35220.000000
35220.000000
35220.000000
35220.000000
35220.000000
35220.000000
35220.000000
35220.000000
35220.000000
35220.000000
35220.000000
35220.000000
35220.000000
35220.000000
35220.000000
35220.000000
35220.000000
35220.000000
35220.000000
35220.000000
35220.000000
35220.000000
35220.000000
35220.000000
35220.000000
35220.000000
35220.000000
35220.000000
35220.000000
35220.000000
35220.000000
35220.000000
35220.000000
35220.000000
35220.000000
35220.000000
35220.000000
35220.000000
35220.000000
35220.000000
35220.000000
35220.000000
35220.000000
35220.000000
35220.000000
35220.000000
35220.000000
35220.000000
35220.000000
35220.000000
35220.000000
35220.000000
35220.000000
35220.000000
35220.000000
35220.000000
35220.000000
35220.000000
35220.000000
35220.000000
35220.000000
35220.000000
35220.000000
35220.000000
35220.000000
35220.000000
35220.000000
35220.000000
35220.000000
35220.000000
35220.000000
35220.000000
35220.000000
35220.000000
35220.000000
35220.000000
35220.000000
35220.000000
35220.000000
35220.000000
35220.000000
35220.000000
35220.000000
35220.000000
35220.000000
35220.000000
35220.000000
35220.000000
35220.000000
35220.000000
35220.000000
35220.000000
35220.000000
35220.000000
35220.000000
35220.000000
35220.000000
35220.000000
35220.000000
35220.000000
35220.000000
35220.000000
35220.000000
35220.000000
35220.000000
35220.000000
35220.000000
35220.000000
35220.000000
35220.000000
35220.000000
35220.000000
35220.000000
35220.000000
35220.000000
35220.000000
35220.000000
35220.000000
35220.000000
35220.000000
35220.000000
35220.000000
35220.000000
35220.000000
35220.000000
35220.000000
35220.000000
35220.000000
35220.000000
35220.000000
35220.000000
35220.000000
35220.000000
35220.000000
35220.000000
35220.000000
35220.000000
35220.000000
35220.000000
35220.000000
35220.000000
35220.000000
35220.000000
35220.000000
35220.000000
35220.000000
35220.000000
35220.000000
35220.000000
35220.000000
35220.000000
35220.000000
35220.000000
35220.000000
35220.000000
35220.000000
35220.000000
35220.000000
35220.000000
35220.000000
35220.000000
35220.000000
35220.000000
35220.000000
35220.000000
35220.000000
35220.000000
35220.000000
35220.000000
35220.000000
35220.000000
35220.000000
35220.000000
35220.000000
35220.000000
35220.000000
35220.000000
35220.000000
35220.000000
35220.000000
35220.000000
35220.000000
35220.000000
35220.000000
35220.000000
35220.000000
35220.000000
35220.000000
35220.000000
35220.000000
35220.000000
35220.000000
35220.000000
35220.000000
35220.000000
35220.000000
35220.000000
35220.000000
35220.000000
35220.000000
35220.000000
35220.000000
35220.000000
35220.000000
35220.000000
35220.000000
35220.000000
35220.000000
35220.000000
35220.000000
35220.000000
35220.000000
35220.000000
35220.000000
35220.000000
35220.000000
35220.000000
35220.000000
35220.000000
35220.000000
35220.000000
35220.000000
35220.000000
35220.000000
35220.000000
35220.000000
35220.000000
35220.000000
35220.000000
35220.000000
35220.000000
35220.000000
35220.000000
35220.000000
35220.000000
35220.000000
35220.000000
35220.000000
35220.000000
35220.000000
35220.000000
35220.000000
35220.000000
35220.000000
35220.000000
35220.000000
35220.000000
35220.000000
35220.000000
35220.000000
