5.000000 5.000000
9.890115 5.495447
2.814473 0.772896
4.444695 4.728080
0.485220 1.633244
1.159507 6.273917
8.561820 6.501024
9.907217 4.703507
6.182945 2.826672
9.760033 6.730680
4.405309 2.896873
5.096997 1.124609
2.269548 4.785523
2.427582 3.879825
8.188734 0.745408
9.231495 2.248961
7.063715 1.105655
6.010041 4.067925
8.368295 2.500304
4.577380 5.574327
2.519502 1.102413
7.266372 3.100739
8.257540 4.516665
0.941389 8.872032
7.417541 1.219323
8.558691 0.669383
1.839520 1.721668
9.222780 6.663325
2.550568 2.513163
9.840366 6.787954
4.023713 0.641723
4.438741 2.070916
3.225900 6.494860
7.240124 4.683325
1.877457 2.963874
1.401918 0.947697
4.917632 9.907787
8.798135 1.612788
3.049133 6.047952
9.403046 7.331195
0.394198 1.599624
0.642322 4.445505
8.397725 5.575354
9.879156 7.631956
9.408777 7.267484
2.526322 9.074539
6.847227 1.052349
6.042382 7.372609
2.372216 9.889859
8.407924 4.331002
7.227552 6.686360
