-nan
-nan
-nan
2.880574
10.403000
18.024665
13.045923
3.302289
11.131912
14.317995
14.073002
3.537525
11.296090
12.841594
14.318093
3.584319
11.489102
12.299891
14.571995
3.607261
11.495341
11.874496
14.496389
3.649759
11.572005
11.700895
14.668273
3.711658
11.591550
11.472449
14.699796
2.882083
10.442132
18.189180
13.033297
14.704681
13.939548
3.210046
11.077801
13.106556
13.776607
3.459236
11.235554
3.632113
11.228778
13.733296
13.891832
3.710547
11.053151
12.653954
13.621174
3.769831
10.884295
12.502882
13.416799
4.023697
10.686408
11.694750
13.208460
2.882083
10.403000
18.024665
13.045923
3.303043
11.131303
14.373401
14.073002
3.527644
11.294458
13.015223
14.300855
3.575113
11.503541
12.668115
14.549109
3.612088
11.514470
12.330375
14.448776
3.561933
11.580954
12.150626
14.483015
3.694166
11.566333
12.385042
14.411539
3.661662
11.607606
11.858519
14.647160
2.880574
10.403000
18.024665
13.045923
3.302289
11.132970
14.317995
14.073002
3.537525
11.294518
12.851045
14.318093
3.583142
11.489769
12.426074
14.573741
3.603095
11.502262
12.127461
14.486436
3.637584
11.578317
