10.974037
11.385728
11.190041
10.766598
11.308843
10.863196
12.969853
11.029748
10.951015
10.907059
10.809107
10.664755
11.483578
11.166109
11.033874
10.518562
11.032372
10.733373
11.000654
11.052166
10.962914
10.935119
11.027478
11.014182
11.051319
10.562775
11.244513
10.557710
10.886528
11.092960
13.185575
11.327335
11.045728
11.170070
11.837909
10.925388
11.841633
12.644526
11.047609
10.928166
10.959017
10.625842
10.747307
10.745248
10.875516
11.050355
11.076216
11.102584
11.041521
10.814031
10.799067
10.985487
11.109828
10.544940
10.928418
10.651115
11.204274
10.733590
10.770999
10.677688
11.024603
11.311707
11.110213
13.569803
11.229751
10.792964
10.664713
11.007982
10.451256
11.006245
10.933964
13.670299
10.951455
10.808932
12.181565
11.042733
11.155308
10.717014
10.725496
11.369836
10.985994
10.980563
10.784746
11.197001
11.295575
10.831050
12.556456
11.039647
12.451122
10.868436
11.102306
11.180062
11.138146
11.225346
10.966221
11.188643
11.464652
10.796614
10.915691
10.569099
11.222853
11.222853
11.033756
11.032372
11.032372
11.337182
11.337182
11.337182
11.337182
11.337182
11.337182
11.337182
11.337182
11.337182
11.337182
11.337182
11.337182
11.337182
11.337182
11.337182
11.337182
11.337182
11.337182
11.337182
11.337182
11.337182
11.337182
11.337182
11.337182
11.337182
11.337182
11.337182
