7.761900
7.781900
7.767733
7.761900
7.775789
7.761900
7.761900
7.761900
7.762911
7.768033
7.762172
7.774956
7.768744
7.767733
7.761900
7.776344
7.769122
7.769122
7.767733
8.161900
7.761900
7.768844
7.769122
7.769356
7.777228
7.768844
7.769122
7.761900
9.364078
7.761900
7.775117
7.774956
7.782100
8.056900
7.761900
8.043289
8.239956
7.761900
7.761900
7.761900
8.070511
7.769356
7.761900
7.769261
7.762011
7.776344
7.761900
7.767733
7.769122
7.761900
7.768000
7.776461
7.884678
7.769122
7.774950
7.762911
7.775789
7.769122
7.903289
7.768844
7.768006
7.767733
7.808278
7.768150
7.761900
8.625811
7.762317
7.774956
7.761900
7.767733
7.762206
7.761900
7.769122
7.761900
7.761900
7.769122
7.761900
7.761900
7.769122
7.762767
7.761900
7.769122
7.769122
7.767733
7.769122
7.761900
7.928289
7.767933
7.768844
7.762172
7.775222
8.230233
7.767733
7.761900
8.256061
7.774678
7.769111
7.761900
8.216067
