7.952766
7.892394
7.926259
7.840303
7.920461
7.840303
7.888110
7.840303
7.921338
7.846498
7.882967
8.735905
8.499720
8.108281
8.492232
8.737466
7.879434
8.729351
8.193812
8.328469
7.920306
7.943604
7.847598
8.444952
8.738458
9.270697
8.282646
7.840303
9.877719
7.936503
7.933793
7.853490
8.243750
8.221327
8.721236
9.037403
9.094874
8.473690
8.548348
8.274947
8.152031
8.282895
8.187658
8.300493
7.856287
8.016850
8.400325
8.727790
7.847598
8.721236
8.024793
8.737597
7.964321
9.473578
7.869383
7.841324
8.289754
7.943888
7.980255
7.863203
8.091672
7.846195
8.599425
7.846616
7.840303
9.520763
7.936929
7.853490
7.920306
7.878026
8.567556
8.624333
10.386527
8.222352
7.936503
8.353895
8.102192
7.856174
7.863484
8.188572
8.001959
9.834332
7.879434
8.669345
7.960166
7.920306
8.328035
7.846397
7.863203
7.840578
8.201711
8.415372
8.747447
8.624333
8.896618
8.450737
8.768748
8.187658
8.332725
