6.200000
6.200000
6.200000
6.200000
6.200000
6.200000
6.200000
6.200000
6.200000
6.200000
6.200000
6.200000
6.200000
6.200000
6.200000
6.200000
6.200000
6.200000
6.200000
6.200000
6.200000
6.200000
6.200000
6.200000
6.200000
6.200000
6.200000
6.200000
6.200000
6.200000
6.200000
6.200000
6.200000
6.200000
6.200000
6.200000
6.200000
6.200000
14.463889
14.463889
14.463889
14.463889
14.463889
14.463889
14.463889
14.463889
14.463889
14.463889
14.463889
8.077778
8.077778
6.475000
8.077778
6.475000
8.077778
6.475000
8.077778
6.475000
8.077778
6.475000
8.077778
6.475000
8.077778
6.475000
8.077778
6.475000
2.908333
8.077778
8.077778
8.077778
6.475000
8.077778
6.475000
8.077778
6.475000
8.077778
6.475000
8.077778
6.475000
8.077778
6.475000
8.077778
6.475000
2.908333
8.077778
6.475000
2.908333
8.077778
8.077778
8.077778
6.475000
8.077778
6.475000
8.077778
6.475000
8.077778
6.475000
8.077778
6.475000
8.077778
6.475000
2.908333
8.077778
6.475000
2.908333
8.077778
6.475000
2.908333
8.077778
8.077778
8.077778
6.475000
8.077778
6.475000
8.077778
6.475000
8.077778
6.475000
8.077778
6.475000
8.077778
6.475000
2.908333
8.077778
6.475000
2.908333
8.077778
6.475000
2.908333
8.077778
8.077778
8.077778
6.475000
8.077778
6.475000
8.077778
6.475000
8.077778
6.475000
8.077778
6.475000
8.077778
6.475000
8.077778
6.475000
2.908333
8.077778
6.475000
2.908333
14.738889
11.172222
7.730556
11.172222
7.730556
6.897222
11.172222
7.730556
6.897222
11.172222
7.730556
6.897222
11.172222
7.730556
6.897222
11.172222
7.730556
6.897222
11.172222
7.730556
6.897222
11.172222
7.730556
6.897222
7.730556
6.897222
2.927778
14.738889
11.172222
7.730556
14.738889
11.172222
7.730556
6.897222
11.172222
7.730556
6.897222
11.172222
7.730556
6.897222
11.172222
7.730556
6.897222
11.172222
7.730556
6.897222
11.172222
7.730556
6.897222
11.172222
7.730556
6.897222
7.730556
6.897222
2.927778
7.730556
6.897222
2.927778
2.388889
14.738889
11.172222
7.730556
14.738889
11.172222
7.730556
6.897222
11.172222
7.730556
6.897222
11.172222
7.730556
6.897222
11.172222
7.730556
6.897222
11.172222
7.730556
6.897222
11.172222
7.730556
6.897222
7.730556
6.897222
2.927778
7.730556
6.897222
2.927778
2.388889
7.730556
6.897222
2.927778
2.388889
14.738889
11.172222
7.730556
14.738889
11.172222
7.730556
6.897222
11.172222
7.730556
6.897222
11.172222
7.730556
6.897222
11.172222
7.730556
6.897222
11.172222
7.730556
6.897222
11.172222
7.730556
6.897222
7.730556
6.897222
2.927778
7.730556
6.897222
2.927778
2.388889
7.730556
6.897222
2.927778
2.388889
14.738889
11.172222
7.730556
14.738889
11.172222
7.730556
6.897222
11.172222
7.730556
6.897222
11.172222
7.730556
6.897222
11.172222
7.730556
6.897222
11.172222
7.730556
6.897222
11.172222
7.730556
6.897222
11.172222
7.730556
6.897222
7.730556
6.897222
2.927778
2.388889
7.730556
6.897222
2.927778
2.388889
15.161111
11.191667
10.652778
8.794444
11.191667
10.652778
8.794444
11.191667
10.652778
8.794444
11.191667
10.652778
8.794444
11.191667
10.652778
8.794444
11.191667
10.652778
8.794444
11.191667
10.652778
8.794444
11.191667
10.652778
8.794444
10.652778
8.794444
15.161111
11.191667
10.652778
8.794444
11.191667
10.652778
8.794444
11.191667
10.652778
8.794444
11.191667
10.652778
8.794444
11.191667
10.652778
8.794444
11.191667
10.652778
8.794444
11.191667
10.652778
8.794444
11.191667
10.652778
8.794444
10.652778
8.794444
8.794444
15.161111
11.191667
10.652778
8.794444
11.191667
10.652778
8.794444
11.191667
10.652778
8.794444
11.191667
10.652778
8.794444
11.191667
10.652778
8.794444
11.191667
10.652778
8.794444
11.191667
10.652778
8.794444
10.652778
8.794444
8.794444
8.794444
1.647222
1.519444
15.161111
11.191667
10.652778
8.794444
11.191667
10.652778
8.794444
11.191667
10.652778
8.794444
11.191667
10.652778
8.794444
11.191667
10.652778
8.794444
11.191667
10.652778
8.794444
11.191667
10.652778
8.794444
10.652778
8.794444
8.794444
8.794444
15.161111
11.191667
10.652778
8.794444
11.191667
10.652778
8.794444
11.191667
10.652778
8.794444
11.191667
10.652778
8.794444
11.191667
10.652778
8.794444
11.191667
10.652778
8.794444
11.191667
10.652778
8.794444
11.191667
10.652778
8.794444
8.794444
8.794444
9.911111
9.783333
9.911111
9.783333
9.911111
9.783333
9.911111
9.783333
9.911111
9.783333
9.911111
9.783333
9.911111
9.783333
9.911111
9.783333
9.911111
9.783333
9.911111
9.783333
9.911111
9.783333
9.911111
9.783333
9.911111
9.783333
9.911111
9.783333
9.911111
9.783333
9.911111
9.783333
9.911111
9.783333
9.911111
9.783333
9.911111
9.783333
9.911111
9.783333
9.911111
9.783333
9.911111
9.783333
9.911111
9.783333
9.911111
9.783333
9.911111
9.783333
9.911111
9.783333
9.911111
9.783333
9.911111
9.783333
9.911111
9.783333
9.911111
9.783333
9.911111
9.783333
9.911111
9.783333
9.911111
9.783333
9.911111
9.783333
9.911111
9.783333
9.911111
9.783333
9.911111
9.783333
9.911111
9.783333
9.911111
9.783333
9.911111
9.783333
9.911111
9.783333
9.911111
9.783333
9.911111
9.783333
9.911111
9.783333
9.911111
9.783333
9.911111
9.783333
9.911111
9.783333
9.911111
9.783333
9.475000
8.611111
8.225000
9.475000
8.611111
8.225000
9.475000
8.611111
8.225000
9.475000
8.611111
8.225000
9.475000
8.611111
8.225000
9.475000
8.611111
8.225000
9.475000
8.611111
8.225000
9.475000
8.611111
8.225000
3.230556
9.475000
8.611111
8.225000
3.230556
9.475000
8.611111
8.225000
9.475000
8.611111
8.225000
9.475000
8.611111
8.225000
9.475000
8.611111
8.225000
9.475000
8.611111
8.225000
9.475000
8.611111
8.225000
9.475000
8.611111
8.225000
9.475000
8.611111
8.225000
9.475000
8.611111
8.225000
3.230556
9.475000
8.611111
8.225000
3.230556
9.475000
8.611111
8.225000
9.475000
8.611111
8.225000
9.475000
8.611111
8.225000
9.475000
8.611111
8.225000
9.475000
8.611111
8.225000
9.475000
8.611111
8.225000
9.475000
8.611111
8.225000
9.475000
8.611111
8.225000
3.230556
9.475000
8.611111
8.225000
3.230556
9.475000
8.611111
8.225000
3.230556
9.475000
8.611111
8.225000
9.475000
8.611111
8.225000
9.475000
8.611111
8.225000
9.475000
8.611111
8.225000
9.475000
8.611111
8.225000
9.475000
8.611111
8.225000
9.475000
8.611111
8.225000
9.475000
8.611111
8.225000
3.230556
9.475000
8.611111
8.225000
3.230556
9.475000
8.611111
8.225000
3.230556
9.475000
8.611111
8.225000
9.475000
8.611111
8.225000
9.475000
8.611111
8.225000
9.475000
8.611111
8.225000
9.475000
8.611111
8.225000
9.475000
8.611111
8.225000
9.475000
8.611111
8.225000
9.475000
8.611111
8.225000
3.230556
9.475000
8.611111
8.225000
3.230556
9.475000
8.611111
8.225000
3.230556
11.494444
7.322222
11.494444
7.322222
11.494444
7.322222
6.008333
11.494444
7.322222
6.008333
11.494444
7.322222
6.008333
11.494444
7.322222
6.008333
11.494444
7.322222
6.008333
7.322222
6.008333
7.322222
6.008333
11.494444
11.494444
7.322222
11.494444
7.322222
11.494444
7.322222
6.008333
11.494444
7.322222
6.008333
11.494444
7.322222
6.008333
11.494444
7.322222
6.008333
11.494444
7.322222
6.008333
7.322222
6.008333
7.322222
6.008333
11.494444
11.494444
7.322222
11.494444
7.322222
11.494444
7.322222
6.008333
11.494444
7.322222
6.008333
11.494444
7.322222
6.008333
11.494444
7.322222
6.008333
7.322222
6.008333
7.322222
6.008333
2.047222
7.322222
6.008333
2.047222
1.836111
11.494444
11.494444
7.322222
11.494444
7.322222
11.494444
7.322222
6.008333
11.494444
7.322222
6.008333
11.494444
7.322222
6.008333
11.494444
7.322222
6.008333
7.322222
6.008333
7.322222
6.008333
7.322222
6.008333
2.047222
1.836111
11.494444
11.494444
7.322222
11.494444
7.322222
11.494444
7.322222
6.008333
11.494444
7.322222
6.008333
11.494444
7.322222
6.008333
11.494444
7.322222
6.008333
7.322222
6.008333
7.322222
6.008333
7.322222
6.008333
2.047222
1.836111
14.272222
10.311111
10.100000
14.272222
10.311111
10.100000
10.311111
10.100000
10.311111
10.100000
10.311111
10.100000
10.311111
10.100000
10.311111
10.100000
4.138889
10.311111
10.100000
4.138889
3.100000
10.311111
10.100000
4.138889
3.100000
15.586111
14.272222
10.311111
10.100000
14.272222
10.311111
10.100000
14.272222
10.311111
10.100000
10.311111
10.100000
10.311111
10.100000
10.311111
10.100000
10.311111
10.100000
4.138889
10.311111
10.100000
4.138889
10.311111
10.100000
4.138889
3.100000
10.311111
10.100000
4.138889
3.100000
2.297222
15.586111
14.272222
10.311111
10.100000
14.272222
10.311111
10.100000
14.272222
10.311111
10.100000
10.311111
10.100000
10.311111
10.100000
10.311111
10.100000
4.138889
10.311111
10.100000
4.138889
10.311111
10.100000
4.138889
3.100000
10.100000
4.138889
3.100000
2.297222
4.138889
3.100000
2.297222
15.586111
14.272222
10.311111
10.100000
14.272222
10.311111
10.100000
14.272222
10.311111
10.100000
10.311111
10.100000
10.311111
10.100000
10.311111
10.100000
4.138889
10.311111
10.100000
4.138889
10.311111
10.100000
4.138889
3.100000
10.311111
10.100000
4.138889
3.100000
2.297222
4.138889
3.100000
2.297222
15.586111
14.272222
10.311111
10.100000
14.272222
10.311111
10.100000
14.272222
10.311111
10.100000
10.311111
10.100000
10.311111
10.100000
10.311111
10.100000
10.311111
10.100000
4.138889
10.311111
10.100000
4.138889
3.100000
10.311111
10.100000
4.138889
3.100000
2.297222
4.138889
3.100000
2.297222
