32770.000000
33840.000000
34000.000000
34010.000000
34260.000000
35260.000000
36090.000000
36220.000000
36410.000000
36440.000000
37150.000000
38060.000000
38180.000000
38330.000000
38890.000000
39170.000000
40580.000000
40780.000000
41300.000000
41400.000000
41490.000000
42720.000000
42880.000000
43240.000000
43590.000000
43700.000000
44770.000000
45400.000000
45810.000000
45950.000000
46500.000000
46800.000000
47480.000000
47930.000000
48040.000000
48630.000000
49220.000000
49610.000000
50280.000000
50320.000000
50640.000000
51320.000000
52240.000000
52430.000000
53760.000000
60260.000000
60840.000000
61290.000000
61620.000000
61750.000000
29750.000000
29750.000000
29750.000000
29750.000000
29750.000000
29750.000000
29750.000000
29750.000000
29750.000000
29750.000000
29750.000000
29750.000000
29750.000000
29750.000000
29750.000000
29670.000000
29750.000000
29750.000000
29670.000000
29750.000000
29750.000000
29750.000000
29750.000000
29670.000000
29750.000000
29750.000000
29750.000000
29670.000000
29750.000000
29750.000000
29750.000000
29750.000000
29670.000000
29750.000000
29750.000000
29750.000000
29750.000000
29670.000000
29750.000000
29750.000000
29750.000000
29750.000000
29750.000000
29750.000000
29750.000000
29750.000000
29750.000000
29750.000000
29750.000000
29750.000000
29750.000000
29750.000000
29750.000000
29750.000000
29750.000000
29750.000000
29750.000000
29750.000000
29750.000000
29750.000000
29750.000000
29750.000000
29750.000000
29750.000000
29750.000000
29750.000000
29750.000000
29750.000000
29750.000000
29750.000000
29750.000000
29750.000000
29750.000000
29750.000000
29750.000000
29750.000000
29750.000000
29750.000000
29750.000000
29750.000000
29750.000000
29750.000000
29750.000000
29750.000000
29750.000000
30020.000000
29750.000000
29750.000000
29750.000000
29750.000000
30020.000000
29750.000000
29750.000000
29750.000000
29750.000000
29750.000000
29750.000000
29750.000000
29750.000000
29750.000000
29750.000000
29750.000000
29750.000000
29750.000000
29750.000000
29750.000000
29750.000000
29750.000000
29750.000000
29750.000000
29750.000000
29750.000000
29750.000000
29750.000000
29750.000000
29750.000000
29750.000000
29750.000000
29750.000000
29750.000000
29750.000000
29750.000000
29750.000000
29750.000000
29750.000000
29750.000000
29750.000000
29750.000000
29750.000000
29750.000000
29750.000000
29750.000000
29750.000000
29750.000000
29750.000000
29480.000000
29750.000000
29750.000000
29750.000000
29750.000000
29480.000000
29960.000000
29750.000000
29750.000000
29960.000000
29960.000000
29960.000000
29960.000000
29960.000000
29960.000000
29960.000000
29960.000000
29960.000000
29960.000000
29960.000000
29960.000000
29960.000000
29960.000000
29960.000000
29960.000000
29960.000000
29960.000000
29960.000000
30220.000000
29960.000000
29960.000000
29960.000000
29960.000000
29960.000000
29960.000000
30220.000000
29960.000000
29960.000000
29960.000000
29960.000000
30220.000000
29960.000000
29960.000000
29960.000000
29960.000000
30220.000000
29960.000000
29960.000000
29960.000000
29960.000000
29960.000000
30220.000000
29960.000000
29960.000000
29960.000000
29960.000000
30010.000000
29960.000000
29960.000000
30010.000000
30010.000000
30010.000000
30010.000000
30010.000000
30010.000000
30010.000000
30010.000000
30010.000000
30010.000000
30010.000000
30010.000000
30010.000000
30010.000000
30010.000000
30010.000000
30010.000000
30010.000000
29750.000000
30010.000000
30010.000000
30010.000000
30010.000000
30010.000000
30010.000000
29750.000000
30010.000000
30010.000000
30010.000000
30010.000000
30010.000000
29750.000000
30010.000000
30010.000000
30010.000000
30010.000000
29750.000000
30010.000000
30010.000000
30010.000000
30010.000000
30010.000000
29750.000000
30010.000000
30010.000000
30010.000000
30010.000000
29750.000000
30010.000000
30010.000000
29750.000000
29750.000000
29750.000000
29750.000000
29750.000000
29750.000000
29750.000000
29750.000000
29750.000000
29750.000000
29750.000000
29750.000000
29750.000000
29750.000000
29750.000000
29750.000000
29750.000000
29750.000000
29750.000000
29750.000000
29750.000000
29750.000000
29750.000000
29750.000000
29750.000000
29750.000000
30010.000000
29750.000000
29750.000000
29750.000000
29750.000000
30010.000000
29750.000000
29750.000000
29750.000000
29750.000000
30010.000000
29750.000000
29750.000000
29750.000000
29750.000000
29750.000000
30010.000000
29750.000000
29750.000000
29750.000000
29750.000000
30010.000000
29750.000000
29750.000000
30010.000000
30010.000000
30010.000000
30010.000000
30010.000000
30010.000000
30010.000000
30010.000000
30010.000000
30010.000000
30010.000000
30010.000000
30010.000000
30010.000000
30010.000000
30010.000000
30010.000000
30010.000000
30010.000000
30010.000000
30010.000000
30010.000000
30010.000000
30010.000000
30010.000000
29750.000000
30010.000000
30010.000000
30010.000000
30010.000000
30010.000000
29750.000000
30010.000000
30010.000000
30010.000000
30010.000000
29750.000000
30010.000000
30010.000000
30010.000000
30010.000000
30010.000000
29750.000000
30010.000000
30010.000000
30010.000000
30010.000000
29750.000000
30010.000000
30010.000000
29750.000000
29750.000000
29750.000000
29750.000000
29750.000000
29750.000000
29750.000000
29750.000000
29750.000000
29750.000000
29750.000000
29750.000000
29750.000000
29750.000000
29750.000000
29750.000000
29750.000000
29750.000000
29750.000000
29750.000000
29750.000000
29750.000000
29750.000000
29750.000000
29750.000000
29750.000000
29750.000000
29750.000000
29750.000000
29750.000000
29750.000000
29750.000000
29750.000000
29750.000000
29750.000000
29750.000000
29750.000000
29750.000000
29750.000000
29750.000000
29750.000000
30020.000000
29750.000000
29750.000000
29750.000000
29750.000000
30020.000000
29750.000000
29750.000000
29750.000000
29750.000000
