97.333333
109.166667
111.833333
96.833333
108.666667
111.333333
181.500000
98.166667
195.500000
98.166667
181.000000
111.333333
195.000000
170.666667
111.333333
170.666667
154.500000
178.000000
154.500000
178.000000
111.333333
164.000000
195.000000
98.500000
98.500000
111.333333
164.000000
195.000000
240.000000
111.333333
156.166667
164.000000
156.166667
111.333333
164.000000
240.000000
195.000000
99.500000
99.500000
111.333333
172.000000
164.000000
195.000000
99.833333
111.333333
164.000000
172.000000
99.833333
111.333333
164.000000
195.000000
96.833333
183.666667
111.333333
164.000000
96.833333
183.666667
195.000000
98.166667
98.166667
111.333333
164.000000
111.333333
164.000000
231.333333
195.000000
154.500000
154.500000
231.333333
111.333333
164.000000
195.000000
98.500000
111.333333
164.000000
98.500000
178.000000
111.333333
164.000000
178.000000
195.000000
156.166667
111.333333
164.000000
156.166667
195.000000
99.500000
111.333333
164.000000
99.500000
240.000000
111.333333
164.000000
99.833333
240.000000
99.833333
195.000000
111.333333
164.000000
172.000000
195.000000
111.333333
164.000000
96.833333
172.000000
96.833333
98.166667
111.333333
164.000000
98.166667
195.000000
183.666667
111.333333
164.000000
183.666667
195.000000
154.500000
111.333333
164.000000
154.500000
111.333333
164.000000
98.500000
231.333333
98.500000
195.000000
111.333333
164.000000
231.333333
195.000000
111.333333
164.000000
156.166667
156.166667
178.000000
111.333333
164.000000
99.500000
178.000000
195.000000
99.500000
111.333333
164.000000
99.833333
195.000000
99.833333
111.333333
164.000000
240.000000
111.333333
164.000000
96.833333
240.000000
195.000000
96.833333
111.333333
164.000000
98.166667
172.000000
195.000000
111.333333
164.000000
98.166667
172.000000
111.333333
164.000000
154.500000
111.333333
164.000000
195.000000
154.500000
183.666667
98.500000
183.666667
195.000000
98.500000
111.333333
164.000000
111.333333
164.000000
156.166667
231.333333
195.000000
156.166667
111.333333
164.000000
231.333333
99.500000
111.333333
164.000000
195.000000
99.500000
178.000000
99.833333
111.333333
164.000000
99.833333
178.000000
111.333333
164.000000
195.000000
96.833333
195.000000
111.333333
164.000000
96.833333
111.333333
164.000000
240.000000
98.166667
98.166667
240.000000
195.000000
111.333333
164.000000
111.333333
164.000000
154.500000
172.000000
195.000000
154.500000
172.000000
98.500000
111.333333
164.000000
98.500000
111.333333
164.000000
195.000000
183.666667
156.166667
183.666667
195.000000
111.333333
164.000000
156.166667
111.333333
164.000000
99.500000
99.500000
231.333333
195.000000
111.333333
164.000000
99.833333
111.333333
231.333333
164.000000
99.833333
195.000000
111.333333
178.000000
164.000000
96.833333
96.833333
111.333333
164.000000
178.000000
195.000000
98.166667
98.166667
111.333333
164.000000
195.000000
111.333333
164.000000
240.000000
154.500000
154.500000
240.000000
111.333333
164.000000
195.000000
98.500000
111.333333
164.000000
98.500000
172.000000
195.000000
172.000000
