3.647222
5.404444
5.765000
2.674444
5.657222
5.467222
2.622222
4.928333
6.332778
5.310000
3.628889
2.452778
2.212778
4.701111
3.725556
2.447222
3.648889
0.094444
2.204444
2.650000
4.326944
4.823333
3.147222
2.889815
0.355556
4.333889
4.612222
0.138889
3.748889
4.345000
4.607407
5.840000
6.491111
5.072222
5.283333
0.547222
2.353333
3.391111
1.325926
5.560000
3.816667
4.366111
3.772222
3.442222
2.643889
1.257222
5.984444
0.386111
5.352778
5.169444
0.144444
3.638333
2.934444
3.317500
2.508333
2.286574
2.286574
2.286574
2.286574
2.286574
2.286574
2.286574
2.286574
2.286574
2.286574
2.286574
2.286574
2.286574
2.286574
2.286574
2.286574
