4.946717
4.090046
5.688636
4.281313
4.960684
3.370614
3.986550
5.118519
5.097222
4.322840
4.267677
2.556548
4.148457
3.222778
3.795833
4.054444
4.041667
4.607222
5.271970
5.341898
3.098333
3.899786
2.820752
4.405159
4.783681
4.089706
5.299383
3.480093
5.769213
4.165278
3.119444
3.710714
3.350000
5.093519
4.590278
2.905229
5.190909
4.342187
3.595062
4.239646
3.903205
5.503788
4.621875
4.532176
2.887346
4.750505
3.386111
3.349383
3.770000
4.317063
3.751587
3.177778
4.465104
4.208135
3.531250
3.361508
4.241414
3.592130
4.597778
3.510119
5.084524
2.595202
5.816919
5.103125
4.592094
3.311632
4.472222
5.041667
2.979444
3.582828
3.265909
5.159402
3.909722
4.309167
3.546970
3.339583
2.803704
4.628704
4.326157
2.862255
3.509921
4.927469
3.761852
3.724306
4.077160
2.894676
3.515196
3.302083
3.123232
3.505754
3.478758
4.539087
5.037500
3.797396
6.494136
3.755769
3.609596
5.220370
2.842130
3.649206
3.649206
3.627381
3.627381
