2.565962
2.565962
2.568818
2.565962
2.565962
2.565962
2.565962
2.562233
2.565962
2.565962
2.565962
2.565962
2.565962
2.565648
2.565962
2.561330
2.565962
2.565962
2.565962
2.565962
2.565962
2.565962
2.565962
2.565962
2.565962
2.565962
2.565962
2.562233
2.565962
2.565962
2.565962
2.560338
2.565962
2.565962
2.565962
2.561806
2.565962
2.563708
2.555054
2.565962
2.565962
2.565962
2.565962
2.565962
2.565962
2.565962
2.565962
2.565962
2.563197
2.565962
2.565962
2.565962
2.565962
2.565962
2.565962
2.565962
2.565962
2.565962
2.565962
2.565962
2.565962
2.565962
2.565648
2.565962
2.555054
2.565962
2.565962
2.565962
2.565962
2.565962
2.565962
2.565962
2.559026
2.563800
2.565962
2.563733
2.565962
2.563801
2.561072
2.565962
2.559126
2.565962
2.565962
2.565962
2.565962
2.565962
2.565962
2.556985
2.561684
2.557941
2.565962
2.565962
2.565962
2.565962
2.565962
2.565962
2.565962
2.560488
2.565962
2.565962
2.565962
2.565962
2.565962
2.565962
2.565962
2.565962
2.565962
2.565962
2.565962
2.565962
2.565962
2.565962
2.565962
2.565962
2.565962
2.565962
2.487946
2.487946
2.487946
2.487946
2.565962
1.303175
1.367361
1.367361
1.367361
1.367361
1.367361
1.367361
1.367361
1.360185
0.985204
0.985204
0.985204
0.985204
0.985204
2.566111
2.566111
0.947203
2.488095
2.488095
2.488095
2.566111
2.565962
2.565962
