9.561869
11.013889
12.281481
9.658333
11.993803
9.155882
7.298333
8.990278
11.719136
9.768403
10.525278
7.948810
8.328889
9.846111
11.063889
10.780556
9.082341
11.201923
10.849722
12.139931
7.864815
10.387731
9.179248
9.457906
10.843210
10.551562
9.060185
8.292677
13.368519
9.463333
6.667361
9.100198
8.411420
10.755882
9.502222
7.980882
12.408838
9.857639
10.062654
9.802778
11.050694
10.320556
11.869792
9.781061
11.301190
11.555303
6.861616
8.055247
7.720370
7.959722
8.765909
8.500505
8.345185
9.033730
10.382716
6.061667
9.547727
9.136111
10.443889
9.316667
13.035648
8.290556
11.449167
10.632143
9.156410
6.969444
10.110278
11.326496
11.243333
7.171465
8.234568
11.578419
11.177778
10.155556
8.444167
10.601389
7.496296
9.562500
10.074074
7.658120
8.939352
11.503333
9.081624
9.976389
11.430864
8.758081
10.675794
8.676010
8.506111
9.350926
9.876389
10.508532
11.269792
10.301852
15.465873
10.136111
8.796914
10.782870
8.056566
6.232906
6.232906
8.893687
8.893687
