8.263889
9.190278
8.263889
8.263889
8.263889
8.263889
8.263889
8.263889
8.263889
8.263889
8.263889
8.263889
8.263889
8.263889
8.263889
8.263889
8.263889
8.263889
8.263889
8.263889
8.263889
8.263889
8.263889
8.263889
8.263889
8.263889
8.263889
8.263889
8.263889
8.263889
10.822222
8.263889
8.263889
8.263889
8.263889
8.263889
8.263889
8.263889
8.263889
8.263889
8.263889
8.263889
8.263889
8.263889
8.263889
8.263889
8.263889
8.263889
8.263889
8.263889
8.263889
8.263889
8.263889
8.263889
8.263889
8.263889
8.263889
8.263889
8.263889
8.263889
8.263889
8.382407
8.263889
10.586111
8.263889
8.830556
8.263889
8.263889
8.263889
8.263889
8.263889
8.263889
8.263889
9.504167
8.263889
8.263889
8.263889
8.263889
8.263889
8.263889
8.795833
8.263889
8.263889
8.263889
1.542963
8.263889
8.263889
