2.388056
2.101111
2.233333
1.606349
2.640972
3.390000
2.752083
2.623889
1.954012
2.648611
1.695833
1.623016
1.764583
2.359259
2.465432
2.895370
2.646759
2.092222
2.977778
3.187222
2.221296
2.675694
2.303241
6.548611
2.234722
2.868750
2.769444
2.785833
2.698333
3.562963
1.824306
0.570556
5.847222
1.333333
4.443056
1.982937
1.179167
3.583889
1.937963
3.376389
1.771528
1.881481
1.167593
2.250000
3.062037
1.607292
0.801852
4.563889
2.058333
3.342778
2.044048
3.263675
3.194444
2.662847
2.835833
2.828472
2.109091
1.839352
2.449537
2.512847
3.621528
2.790556
2.907407
1.733889
3.014815
1.713095
7.658333
3.336806
3.744444
3.003056
1.780556
1.757222
1.833586
2.943182
2.240741
1.555000
2.584722
2.558333
2.753571
2.593333
2.769444
2.120370
1.742593
2.463889
3.149074
4.654167
2.915476
3.829630
2.454167
2.523765
2.104365
2.021296
3.148264
1.868889
3.496667
1.631481
3.045833
1.368056
2.290278
0.630556
2.688333
2.876984
