2.797059
2.590675
2.486966
2.593889
2.815556
3.808974
2.642593
3.279274
2.282906
3.645833
2.473843
2.821212
2.941865
2.613034
2.659105
3.625000
3.578395
2.673333
2.962037
3.384028
2.505159
2.970513
3.385101
4.012153
3.063611
3.042521
2.952525
3.089912
3.392063
3.759954
2.032407
2.585119
3.986806
2.621795
3.094048
2.739815
1.923611
3.622222
2.790000
3.284259
3.398333
2.199228
2.309127
2.571605
3.511389
2.161905
3.272475
4.192778
2.378935
3.361508
2.621795
2.959477
3.404167
2.801852
2.674405
2.457540
2.768704
2.320370
2.257986
3.159167
3.434722
3.817361
3.497531
2.747222
3.372685
2.334343
3.471759
3.029444
3.480952
3.275174
2.777778
2.167284
2.376608
2.892308
2.816919
2.363889
1.852778
3.182593
2.961111
3.241898
3.476068
2.137269
1.763889
3.552778
3.371111
3.592500
2.853086
3.751111
2.968849
2.843704
2.445278
2.000694
3.474074
3.012222
4.306250
2.441880
3.159127
1.424444
3.499306
2.872727
3.398718
3.235714
2.920635
