24.774510
20.547619
39.179487
41.560606
25.755556
26.256410
22.312500
31.230769
17.041667
28.833333
26.625000
26.500000
26.202381
30.559524
30.518519
30.722222
24.583333
29.470588
28.592593
35.571429
21.469697
29.402778
34.060606
42.937500
33.277778
24.589744
31.400000
31.833333
32.619048
25.590909
39.595238
18.916667
23.636364
39.628205
40.316667
34.127451
9.714286
38.250000
28.283333
23.768519
22.000000
26.520833
23.416667
32.020833
40.222222
21.180556
35.196970
29.277778
32.263889
32.952381
23.119048
33.362745
16.814815
17.650000
34.423077
25.333333
34.911111
25.378788
26.650000
19.800000
23.500000
28.666667
38.129630
19.500000
34.423077
31.366667
27.937500
26.466667
20.277778
26.708333
22.800000
33.018519
32.676471
25.059524
23.296296
27.988889
23.625000
25.466667
29.083333
25.045455
27.444444
31.115385
27.733333
35.083333
32.378788
28.800000
34.395833
15.969697
25.788889
28.125000
23.777778
27.785714
37.472222
28.641026
31.196970
27.243590
24.055556
33.984848
21.602564
29.700000
28.880952
34.678571
24.589744
24.589744
24.589744
24.589744
24.589744
24.589744
24.589744
22.294872
19.717949
19.717949
19.717949
19.717949
19.717949
19.717949
19.717949
19.717949
19.717949
