8750.000000
32370.000000
32370.000000
32890.000000
34840.000000
13460.000000
7980.000000
24950.000000
14730.000000
16760.000000
17410.000000
27990.000000
27990.000000
29680.000000
19100.000000
18970.000000
18970.000000
18970.000000
31950.000000
21240.000000
21370.000000
34800.000000
34800.000000
34800.000000
34800.000000
22110.000000
9540.000000
29840.000000
4080.000000
24330.000000
45440.000000
31090.000000
45810.000000
31460.000000
28160.000000
28160.000000
46940.000000
29290.000000
32590.000000
18780.000000
18780.000000
18780.000000
49870.000000
32220.000000
21710.000000
35520.000000
45140.000000
45140.000000
45140.000000
45140.000000
19560.000000
32170.000000
32170.000000
32170.000000
32170.000000
10420.000000
18090.000000
30630.000000
30630.000000
31380.000000
33330.000000
34540.000000
34540.000000
34540.000000
34540.000000
14050.000000
27360.000000
38000.000000
45600.000000
38020.000000
45620.000000
39550.000000
47150.000000
41500.000000
49100.000000
21400.000000
