5.050000 5.050000
5.790609 5.283057

5.790609 5.283057
6.181892 6.059977

6.181892 6.059977
6.087450 6.762818

6.087450 6.762818
6.365989 9.812399

6.365989 9.812399
6.087450 6.762818

6.087450 6.762818
6.906573 9.263938

6.906573 9.263938
6.087450 6.762818

6.087450 6.762818
6.615148 8.845164

6.615148 8.845164
6.087450 6.762818

6.087450 6.762818
6.840664 6.578611

6.840664 6.578611
7.370851 9.411222

7.370851 9.411222
6.840664 6.578611

6.840664 6.578611
7.548457 9.057759

7.548457 9.057759
6.840664 6.578611

6.840664 6.578611
7.533237 6.360606

7.533237 6.360606
6.840664 6.578611

6.840664 6.578611
6.181892 6.059977

6.181892 6.059977
5.790609 5.283057

5.790609 5.283057
5.050000 5.050000

