5.000000 5.000000
5.740609 5.233057

5.740609 5.233057
6.131892 6.009977

6.131892 6.009977
6.790664 6.528611

6.790664 6.528611
7.483237 6.310606

7.483237 6.310606
9.832670 4.719686

9.832670 4.719686
7.483237 6.310606

7.483237 6.310606
8.015242 8.653759

8.015242 8.653759
7.483237 6.310606

7.483237 6.310606
9.587923 6.957107

9.587923 6.957107
7.483237 6.310606

7.483237 6.310606
8.507967 7.376597

8.507967 7.376597
7.483237 6.310606

7.483237 6.310606
6.890365 4.889672

6.890365 4.889672
8.228033 1.961550

8.228033 1.961550
6.890365 4.889672

6.890365 4.889672
9.179875 2.779399

9.179875 2.779399
6.890365 4.889672

6.890365 4.889672
9.422212 4.554953

9.422212 4.554953
6.890365 4.889672

6.890365 4.889672
6.466454 4.898591

6.466454 4.898591
6.260718 4.808461

6.260718 4.808461
5.740609 5.233057

5.740609 5.233057
5.000000 5.000000

