1.050000
10.833333
10.075000
10.055556
9.227778
10.833333
10.075000
10.055556
9.227778
10.833333
10.075000
10.055556
9.227778
10.833333
10.075000
10.055556
9.227778
10.833333
10.075000
10.055556
9.227778
10.833333
10.075000
10.055556
9.227778
5.161111
10.833333
10.075000
10.055556
9.227778
5.161111
3.872222
10.833333
10.075000
10.055556
9.227778
5.161111
3.872222
10.833333
10.075000
10.055556
9.227778
5.161111
3.872222
10.833333
10.075000
10.055556
9.227778
10.833333
10.075000
10.055556
9.227778
10.833333
10.075000
10.055556
9.227778
10.833333
10.075000
10.055556
9.227778
10.833333
10.075000
10.055556
9.227778
5.161111
10.833333
10.075000
10.055556
9.227778
5.161111
10.833333
10.075000
10.055556
9.227778
5.161111
3.872222
10.833333
10.075000
10.055556
9.227778
5.161111
3.872222
10.833333
10.075000
10.055556
9.227778
5.161111
3.872222
10.075000
10.055556
9.227778
5.161111
3.872222
10.833333
10.075000
10.055556
10.833333
10.075000
10.055556
9.227778
10.833333
10.075000
10.055556
9.227778
10.833333
10.075000
10.055556
9.227778
10.833333
10.075000
10.055556
9.227778
10.833333
10.075000
10.055556
9.227778
10.833333
10.075000
10.055556
9.227778
5.161111
10.833333
10.075000
10.055556
9.227778
5.161111
10.833333
10.075000
10.055556
9.227778
5.161111
3.872222
10.833333
10.075000
10.055556
9.227778
5.161111
3.872222
10.833333
10.075000
10.055556
9.227778
10.833333
10.075000
10.055556
9.227778
10.833333
10.075000
10.055556
9.227778
10.833333
10.075000
10.055556
9.227778
10.833333
10.075000
10.055556
9.227778
10.833333
10.075000
10.055556
9.227778
5.161111
10.833333
10.075000
10.055556
9.227778
5.161111
10.833333
10.075000
10.055556
9.227778
5.161111
3.872222
10.833333
10.075000
10.055556
9.227778
5.161111
3.872222
10.833333
10.075000
10.055556
9.227778
5.161111
3.872222
10.833333
10.075000
10.055556
10.833333
10.075000
10.055556
9.227778
10.833333
10.075000
10.055556
9.227778
10.833333
10.075000
10.055556
9.227778
10.833333
10.075000
10.055556
9.227778
10.833333
10.075000
10.055556
9.227778
5.161111
10.833333
10.075000
10.055556
9.227778
5.161111
10.833333
10.075000
10.055556
9.227778
5.161111
3.872222
10.833333
10.075000
10.055556
9.227778
5.161111
3.872222
10.833333
10.075000
10.055556
9.227778
5.161111
3.872222
14.944444
13.655556
14.944444
13.655556
14.944444
13.655556
14.944444
13.655556
14.944444
13.655556
13.655556
2.633333
14.944444
13.655556
14.944444
13.655556
14.944444
13.655556
14.944444
13.655556
13.655556
13.655556
2.633333
2.633333
2.633333
19.011111
14.944444
13.655556
14.944444
13.655556
14.944444
13.655556
14.944444
13.655556
14.944444
13.655556
14.944444
13.655556
13.655556
13.655556
2.633333
14.944444
13.655556
14.944444
13.655556
14.944444
13.655556
14.944444
13.655556
14.944444
13.655556
13.655556
13.655556
2.633333
19.011111
14.944444
13.655556
14.944444
13.655556
14.944444
13.655556
14.944444
13.655556
14.944444
13.655556
13.655556
13.655556
2.633333
12.416667
12.416667
12.416667
12.416667
6.305556
12.416667
6.305556
12.416667
6.305556
12.416667
6.305556
12.416667
6.305556
6.305556
12.416667
12.416667
12.416667
12.416667
6.305556
12.416667
6.305556
12.416667
6.305556
12.416667
6.305556
6.305556
6.305556
6.305556
12.416667
12.416667
12.416667
12.416667
12.416667
12.416667
6.305556
12.416667
6.305556
12.416667
6.305556
12.416667
6.305556
6.305556
12.416667
12.416667
12.416667
12.416667
12.416667
6.305556
12.416667
6.305556
12.416667
6.305556
12.416667
6.305556
12.416667
6.305556
6.305556
12.416667
12.416667
12.416667
12.416667
12.416667
6.305556
12.416667
6.305556
12.416667
6.305556
12.416667
6.305556
12.416667
6.305556
6.305556
