35500.000000
35500.000000
35630.000000
36360.000000
37430.000000
37620.000000
37870.000000
37910.000000
39000.000000
39680.000000
40040.000000
40370.000000
41130.000000
41840.000000
42190.000000
42590.000000
43790.000000
44550.000000
44600.000000
44930.000000
46450.000000
47380.000000
47740.000000
48080.000000
48500.000000
49980.000000
50640.000000
50880.000000
51450.000000
51670.000000
52840.000000
53600.000000
54140.000000
54180.000000
54280.000000
55680.000000
56210.000000
56710.000000
57250.000000
57690.000000
58220.000000
59110.000000
59450.000000
59590.000000
60090.000000
60970.000000
61540.000000
62450.000000
64420.000000
66310.000000
35220.000000
35220.000000
35220.000000
35220.000000
35220.000000
35220.000000
35220.000000
35220.000000
35220.000000
35220.000000
35220.000000
35220.000000
35220.000000
35220.000000
35220.000000
35220.000000
35220.000000
35220.000000
35220.000000
35220.000000
35220.000000
35220.000000
35220.000000
35220.000000
35220.000000
35220.000000
35220.000000
35220.000000
35220.000000
35220.000000
35220.000000
35220.000000
35220.000000
35220.000000
35220.000000
35220.000000
35220.000000
35220.000000
35220.000000
35220.000000
35220.000000
35220.000000
35220.000000
35220.000000
35220.000000
35220.000000
35220.000000
35220.000000
35220.000000
35220.000000
35220.000000
35220.000000
35220.000000
35220.000000
35220.000000
35220.000000
35220.000000
35220.000000
35220.000000
35220.000000
35220.000000
35220.000000
35220.000000
35220.000000
35220.000000
35220.000000
35220.000000
35220.000000
35220.000000
35220.000000
35220.000000
35220.000000
35220.000000
35220.000000
35220.000000
35220.000000
35220.000000
35220.000000
35220.000000
35220.000000
35220.000000
35220.000000
35220.000000
35220.000000
35220.000000
35220.000000
35220.000000
35220.000000
35220.000000
35220.000000
35220.000000
35220.000000
35220.000000
35220.000000
35220.000000
35220.000000
35220.000000
35220.000000
35220.000000
35220.000000
35220.000000
35220.000000
35220.000000
35220.000000
35220.000000
35220.000000
35220.000000
35220.000000
35220.000000
35220.000000
35220.000000
35220.000000
35220.000000
35220.000000
35220.000000
35220.000000
35220.000000
35220.000000
35220.000000
35220.000000
35220.000000
35220.000000
35220.000000
35220.000000
35220.000000
35220.000000
35220.000000
35220.000000
35220.000000
35220.000000
35220.000000
35220.000000
35220.000000
35220.000000
35220.000000
35220.000000
35220.000000
35220.000000
35220.000000
35220.000000
35220.000000
35220.000000
35220.000000
35220.000000
35220.000000
35220.000000
35220.000000
35220.000000
35220.000000
35220.000000
