280.000000
280.000000
410.000000
1140.000000
2210.000000
2400.000000
2650.000000
2690.000000
3780.000000
4460.000000
4820.000000
5150.000000
5910.000000
6620.000000
6970.000000
7370.000000
8570.000000
9330.000000
9380.000000
9710.000000
11230.000000
12160.000000
12520.000000
12860.000000
13280.000000
14760.000000
15420.000000
15660.000000
16230.000000
16450.000000
17620.000000
18380.000000
18920.000000
18960.000000
19060.000000
20460.000000
20990.000000
21490.000000
22030.000000
22470.000000
23000.000000
23890.000000
24230.000000
24370.000000
24870.000000
25750.000000
26320.000000
27230.000000
29200.000000
31090.000000
35220.000000
35220.000000
35220.000000
35220.000000
35220.000000
35220.000000
35220.000000
35220.000000
35220.000000
35220.000000
35220.000000
35220.000000
35220.000000
35220.000000
35220.000000
35220.000000
35220.000000
35220.000000
35220.000000
35220.000000
35220.000000
35220.000000
35220.000000
35220.000000
35220.000000
35220.000000
35220.000000
35220.000000
35220.000000
35220.000000
35220.000000
35220.000000
35220.000000
35220.000000
35220.000000
35220.000000
35220.000000
35220.000000
35220.000000
35220.000000
35220.000000
35220.000000
35220.000000
35220.000000
35220.000000
35220.000000
35220.000000
35220.000000
35220.000000
35220.000000
35220.000000
35220.000000
35220.000000
35220.000000
35220.000000
35220.000000
35220.000000
35220.000000
35220.000000
35220.000000
35220.000000
35220.000000
35220.000000
35220.000000
35220.000000
35220.000000
35220.000000
35220.000000
35220.000000
35220.000000
35220.000000
35220.000000
35220.000000
35220.000000
35220.000000
35220.000000
35220.000000
35220.000000
35220.000000
35220.000000
35220.000000
35220.000000
35220.000000
35220.000000
35220.000000
35220.000000
35220.000000
35220.000000
35220.000000
35220.000000
35220.000000
35220.000000
35220.000000
35220.000000
35220.000000
35220.000000
35220.000000
35220.000000
35220.000000
35220.000000
35220.000000
35220.000000
35220.000000
35220.000000
35220.000000
35220.000000
35220.000000
35220.000000
35220.000000
35220.000000
35220.000000
35220.000000
35220.000000
35220.000000
35220.000000
35220.000000
35220.000000
35220.000000
35220.000000
35220.000000
35220.000000
35220.000000
35220.000000
35220.000000
35220.000000
35220.000000
35220.000000
35220.000000
35220.000000
35220.000000
35220.000000
35220.000000
35220.000000
35220.000000
35220.000000
35220.000000
35220.000000
35220.000000
35220.000000
35220.000000
35220.000000
35220.000000
35220.000000
35220.000000
35220.000000
35220.000000
35220.000000
35220.000000
35220.000000
35220.000000
35220.000000
35220.000000
35220.000000
35220.000000
35220.000000
35220.000000
35220.000000
35220.000000
35220.000000
35220.000000
35220.000000
35220.000000
35220.000000
35220.000000
35220.000000
35220.000000
35220.000000
35220.000000
35220.000000
35220.000000
35220.000000
35220.000000
35220.000000
35220.000000
35220.000000
35220.000000
35220.000000
35220.000000
35220.000000
35220.000000
35220.000000
35220.000000
35220.000000
35220.000000
35220.000000
35220.000000
35220.000000
35220.000000
35220.000000
35220.000000
35220.000000
35220.000000
35220.000000
35220.000000
35220.000000
35220.000000
35220.000000
35220.000000
35220.000000
35220.000000
