11.212593
10.860611
10.864718
11.059159
11.057000
11.419405
10.859108
10.605320
10.854380
10.811093
10.707722
11.185178
10.850691
10.910238
11.266244
10.678838
10.903607
11.011711
11.181436
11.627908
10.824255
10.774909
10.970115
10.979937
11.098188
10.934321
10.809928
10.589267
12.380149
11.025180
11.070223
11.063853
11.069225
11.667993
10.823650
11.223216
11.358030
10.924350
10.755402
10.905740
11.040683
10.921206
11.085079
11.236556
10.920377
10.910040
10.963852
11.120736
10.845475
10.928424
10.603405
11.063016
11.125207
11.066164
10.939088
10.410023
11.161385
10.979530
11.354413
10.719800
11.157995
10.741567
10.935376
10.950552
11.109363
12.077564
10.884143
10.774889
10.899255
10.989408
11.020283
11.320048
10.955364
11.069493
10.821340
10.984792
10.887550
10.916413
10.531526
11.016739
10.568430
11.039736
11.158418
11.031951
10.929225
10.979832
10.819440
10.925943
11.007567
11.073198
10.909482
12.967953
10.554924
10.806051
12.008811
10.700387
11.122517
10.951544
12.067200
