7.833333
7.833333
7.833333
7.833333
7.833333
7.833333
7.833333
7.833333
7.833333
2.722222
7.833333
7.833333
7.833333
7.833333
7.833333
7.833333
7.833333
7.833333
7.833333
7.833333
2.722222
7.833333
7.833333
7.833333
7.833333
7.833333
7.833333
7.833333
7.833333
2.722222
7.833333
2.722222
7.833333
2.722222
7.833333
7.833333
7.833333
7.833333
7.833333
7.833333
7.833333
7.833333
7.833333
2.722222
7.833333
2.722222
7.833333
7.833333
7.833333
7.833333
7.833333
7.833333
7.833333
7.833333
7.833333
2.722222
7.833333
2.722222
10.986111
8.136111
10.986111
8.136111
10.986111
8.136111
6.102778
10.986111
8.136111
6.102778
10.986111
8.136111
6.102778
10.986111
8.136111
6.102778
10.986111
8.136111
6.102778
10.986111
8.136111
6.102778
8.136111
6.102778
2.616667
10.986111
8.136111
10.986111
8.136111
10.986111
8.136111
10.986111
8.136111
6.102778
10.986111
8.136111
6.102778
10.986111
8.136111
6.102778
10.986111
8.136111
6.102778
10.986111
8.136111
6.102778
10.986111
8.136111
6.102778
8.136111
6.102778
2.616667
10.986111
8.136111
10.986111
8.136111
10.986111
8.136111
10.986111
8.136111
6.102778
10.986111
8.136111
6.102778
10.986111
8.136111
6.102778
10.986111
8.136111
6.102778
8.136111
6.102778
2.616667
8.136111
6.102778
2.616667
2.041667
8.136111
6.102778
2.616667
2.041667
1.869444
1.655556
10.986111
8.136111
10.986111
8.136111
10.986111
8.136111
10.986111
8.136111
6.102778
10.986111
8.136111
6.102778
10.986111
8.136111
6.102778
10.986111
8.136111
6.102778
10.986111
8.136111
6.102778
8.136111
6.102778
2.616667
8.136111
6.102778
2.616667
2.041667
1.869444
10.986111
8.136111
10.986111
8.136111
10.986111
8.136111
10.986111
8.136111
6.102778
10.986111
8.136111
6.102778
10.986111
8.136111
6.102778
10.986111
8.136111
6.102778
10.986111
8.136111
6.102778
8.136111
6.102778
2.616667
8.136111
6.102778
2.616667
2.041667
1.869444
14.366667
10.880556
10.305556
10.133333
9.919444
8.975000
14.366667
10.880556
10.305556
10.133333
9.919444
8.975000
10.880556
10.305556
10.133333
9.919444
8.975000
10.880556
10.305556
10.133333
9.919444
8.975000
10.880556
10.305556
10.133333
9.919444
8.975000
10.880556
10.305556
10.133333
9.919444
8.975000
10.880556
10.305556
10.133333
9.919444
8.975000
10.880556
10.305556
10.133333
9.919444
8.975000
10.305556
10.133333
9.919444
8.975000
14.366667
10.880556
10.305556
10.133333
9.919444
8.975000
14.366667
10.880556
10.305556
10.133333
9.919444
8.975000
14.366667
10.880556
10.305556
10.133333
9.919444
8.975000
10.880556
10.305556
10.133333
9.919444
8.975000
10.880556
10.305556
10.133333
9.919444
8.975000
10.880556
10.305556
10.133333
9.919444
8.975000
10.880556
10.305556
10.133333
9.919444
8.975000
10.880556
10.305556
10.133333
9.919444
8.975000
10.880556
10.305556
10.133333
9.919444
8.975000
10.305556
10.133333
9.919444
8.975000
14.366667
10.880556
10.305556
10.133333
9.919444
8.975000
14.366667
10.880556
10.305556
10.133333
9.919444
8.975000
14.366667
10.880556
10.305556
10.133333
9.919444
8.975000
10.880556
10.305556
10.133333
9.919444
8.975000
10.880556
10.305556
10.133333
9.919444
8.975000
10.880556
10.305556
10.133333
9.919444
8.975000
10.880556
10.305556
10.133333
9.919444
8.975000
10.305556
10.133333
9.919444
8.975000
10.133333
9.919444
8.975000
2.141667
8.975000
2.141667
14.366667
10.880556
10.305556
10.133333
9.919444
8.975000
14.366667
10.880556
10.305556
10.133333
9.919444
8.975000
14.366667
10.880556
10.305556
10.133333
9.919444
8.975000
10.880556
10.305556
10.133333
9.919444
8.975000
10.880556
10.305556
10.133333
9.919444
8.975000
10.880556
10.305556
10.133333
9.919444
8.975000
10.880556
10.305556
10.133333
9.919444
8.975000
10.880556
10.305556
10.133333
9.919444
8.975000
10.305556
10.133333
9.919444
8.975000
9.919444
8.975000
2.141667
14.366667
10.880556
10.305556
10.133333
9.919444
8.975000
14.366667
10.880556
10.305556
10.133333
9.919444
8.975000
14.366667
10.880556
10.305556
10.133333
9.919444
8.975000
10.880556
10.305556
10.133333
9.919444
8.975000
10.880556
10.305556
10.133333
9.919444
8.975000
10.880556
10.305556
10.133333
9.919444
8.975000
10.880556
10.305556
10.133333
9.919444
8.975000
10.880556
10.305556
10.133333
9.919444
8.975000
10.305556
10.133333
9.919444
8.975000
9.919444
8.975000
2.141667
10.405556
8.736111
10.405556
8.736111
10.405556
8.736111
10.405556
8.736111
10.405556
8.736111
10.405556
8.736111
4.325000
10.405556
8.736111
4.325000
10.405556
8.736111
4.325000
10.405556
8.736111
4.325000
10.405556
8.736111
10.405556
8.736111
10.405556
8.736111
10.405556
8.736111
10.405556
8.736111
10.405556
8.736111
10.405556
8.736111
4.325000
10.405556
8.736111
4.325000
10.405556
8.736111
4.325000
10.405556
8.736111
4.325000
10.405556
8.736111
10.405556
8.736111
10.405556
8.736111
10.405556
8.736111
10.405556
8.736111
10.405556
8.736111
4.325000
10.405556
8.736111
4.325000
10.405556
8.736111
4.325000
8.736111
4.325000
2.050000
8.736111
4.325000
2.050000
1.561111
10.405556
8.736111
10.405556
8.736111
10.405556
8.736111
10.405556
8.736111
10.405556
8.736111
10.405556
8.736111
4.325000
10.405556
8.736111
4.325000
10.405556
8.736111
4.325000
10.405556
8.736111
4.325000
8.736111
4.325000
2.050000
10.405556
8.736111
10.405556
8.736111
10.405556
8.736111
10.405556
8.736111
10.405556
8.736111
10.405556
8.736111
10.405556
8.736111
4.325000
10.405556
8.736111
4.325000
10.405556
8.736111
4.325000
8.736111
4.325000
2.050000
12.588889
10.313889
9.825000
8.861111
7.741667
12.588889
10.313889
9.825000
8.861111
7.741667
6.588889
12.588889
10.313889
9.825000
8.861111
7.741667
6.588889
12.588889
10.313889
9.825000
8.861111
7.741667
6.588889
12.588889
10.313889
9.825000
8.861111
7.741667
6.588889
10.313889
9.825000
8.861111
7.741667
6.588889
10.313889
9.825000
8.861111
7.741667
6.588889
10.313889
9.825000
8.861111
7.741667
6.588889
10.313889
9.825000
8.861111
7.741667
6.588889
2.675000
12.588889
10.313889
9.825000
8.861111
7.741667
12.588889
10.313889
9.825000
8.861111
7.741667
12.588889
10.313889
9.825000
8.861111
7.741667
6.588889
12.588889
10.313889
9.825000
8.861111
7.741667
6.588889
12.588889
10.313889
9.825000
8.861111
7.741667
6.588889
12.588889
10.313889
9.825000
8.861111
7.741667
6.588889
10.313889
9.825000
8.861111
7.741667
6.588889
10.313889
9.825000
8.861111
7.741667
6.588889
10.313889
9.825000
8.861111
7.741667
6.588889
10.313889
9.825000
8.861111
7.741667
6.588889
2.675000
12.588889
10.313889
9.825000
8.861111
7.741667
12.588889
10.313889
9.825000
8.861111
7.741667
12.588889
10.313889
9.825000
8.861111
7.741667
6.588889
12.588889
10.313889
9.825000
8.861111
7.741667
6.588889
12.588889
10.313889
9.825000
8.861111
7.741667
6.588889
10.313889
9.825000
8.861111
7.741667
6.588889
10.313889
9.825000
8.861111
7.741667
6.588889
10.313889
9.825000
8.861111
7.741667
6.588889
2.675000
9.825000
8.861111
7.741667
6.588889
2.675000
8.861111
7.741667
6.588889
2.675000
12.588889
10.313889
9.825000
8.861111
7.741667
12.588889
10.313889
9.825000
8.861111
7.741667
12.588889
10.313889
9.825000
8.861111
7.741667
6.588889
12.588889
10.313889
9.825000
8.861111
7.741667
6.588889
12.588889
10.313889
9.825000
8.861111
7.741667
6.588889
10.313889
9.825000
8.861111
7.741667
6.588889
10.313889
9.825000
8.861111
7.741667
6.588889
10.313889
9.825000
8.861111
7.741667
6.588889
10.313889
9.825000
8.861111
7.741667
6.588889
2.675000
9.825000
8.861111
7.741667
6.588889
2.675000
12.588889
10.313889
9.825000
8.861111
7.741667
12.588889
10.313889
9.825000
8.861111
7.741667
12.588889
10.313889
9.825000
8.861111
7.741667
6.588889
12.588889
10.313889
9.825000
8.861111
7.741667
6.588889
12.588889
10.313889
9.825000
8.861111
7.741667
6.588889
12.588889
10.313889
9.825000
8.861111
7.741667
6.588889
10.313889
9.825000
8.861111
7.741667
6.588889
10.313889
9.825000
8.861111
7.741667
6.588889
10.313889
9.825000
8.861111
7.741667
6.588889
2.675000
9.825000
8.861111
7.741667
6.588889
2.675000
14.852778
10.938889
10.938889
10.938889
10.938889
5.577778
10.938889
5.577778
10.938889
5.577778
10.938889
5.577778
10.938889
5.577778
5.577778
14.852778
10.938889
14.852778
10.938889
10.938889
10.938889
10.938889
5.577778
10.938889
5.577778
10.938889
5.577778
10.938889
5.577778
10.938889
5.577778
5.577778
14.852778
10.938889
14.852778
10.938889
10.938889
10.938889
10.938889
5.577778
10.938889
5.577778
10.938889
5.577778
5.577778
5.577778
5.577778
1.763889
14.852778
10.938889
14.852778
10.938889
10.938889
10.938889
5.577778
10.938889
5.577778
10.938889
5.577778
10.938889
5.577778
10.938889
5.577778
5.577778
5.577778
1.763889
14.852778
10.938889
14.852778
10.938889
10.938889
10.938889
10.938889
5.577778
10.938889
5.577778
10.938889
5.577778
10.938889
5.577778
5.577778
5.577778
1.763889
13.841667
10.027778
13.841667
10.027778
13.841667
10.027778
10.027778
10.027778
10.027778
10.027778
10.027778
10.027778
13.841667
10.027778
13.841667
10.027778
13.841667
10.027778
13.841667
10.027778
10.027778
10.027778
10.027778
10.027778
10.027778
10.027778
13.841667
10.027778
13.841667
10.027778
13.841667
10.027778
13.841667
10.027778
10.027778
10.027778
10.027778
10.027778
10.027778
13.841667
10.027778
13.841667
10.027778
13.841667
10.027778
10.027778
10.027778
10.027778
10.027778
10.027778
10.027778
13.841667
10.027778
13.841667
10.027778
13.841667
10.027778
13.841667
10.027778
10.027778
10.027778
10.027778
10.027778
10.027778
9.225000
8.922222
9.225000
8.922222
9.225000
8.922222
9.225000
8.922222
9.225000
8.922222
5.344444
9.225000
8.922222
5.344444
9.225000
8.922222
5.344444
9.225000
8.922222
5.344444
9.225000
8.922222
5.344444
9.225000
8.922222
9.225000
8.922222
9.225000
8.922222
9.225000
8.922222
9.225000
8.922222
5.344444
9.225000
8.922222
5.344444
9.225000
8.922222
5.344444
9.225000
8.922222
5.344444
9.225000
8.922222
5.344444
9.225000
8.922222
5.344444
2.288889
9.225000
8.922222
9.225000
8.922222
9.225000
8.922222
9.225000
8.922222
9.225000
8.922222
5.344444
9.225000
8.922222
5.344444
9.225000
8.922222
5.344444
9.225000
8.922222
5.344444
9.225000
8.922222
5.344444
2.288889
9.225000
8.922222
5.344444
2.288889
9.225000
8.922222
9.225000
8.922222
9.225000
8.922222
9.225000
8.922222
9.225000
8.922222
5.344444
9.225000
8.922222
5.344444
9.225000
8.922222
5.344444
9.225000
8.922222
5.344444
9.225000
8.922222
5.344444
2.288889
9.225000
8.922222
5.344444
2.288889
9.225000
8.922222
9.225000
8.922222
9.225000
8.922222
9.225000
8.922222
9.225000
8.922222
5.344444
9.225000
8.922222
5.344444
9.225000
8.922222
5.344444
9.225000
8.922222
5.344444
9.225000
8.922222
5.344444
2.288889
9.225000
8.922222
5.344444
2.288889
13.608333
10.552778
9.561111
13.608333
10.552778
9.561111
13.608333
10.552778
9.561111
13.608333
10.552778
9.561111
10.552778
9.561111
10.552778
9.561111
10.552778
9.561111
10.552778
9.561111
10.552778
9.561111
13.608333
10.552778
9.561111
13.608333
10.552778
9.561111
13.608333
10.552778
9.561111
13.608333
10.552778
9.561111
10.552778
9.561111
10.552778
9.561111
10.552778
9.561111
10.552778
9.561111
10.552778
9.561111
9.561111
13.608333
10.552778
9.561111
13.608333
10.552778
9.561111
13.608333
10.552778
9.561111
13.608333
10.552778
9.561111
10.552778
9.561111
10.552778
9.561111
10.552778
9.561111
10.552778
9.561111
9.561111
9.561111
13.608333
10.552778
9.561111
13.608333
10.552778
9.561111
13.608333
10.552778
9.561111
13.608333
10.552778
9.561111
10.552778
9.561111
10.552778
9.561111
10.552778
9.561111
10.552778
9.561111
9.561111
9.561111
13.608333
10.552778
9.561111
13.608333
10.552778
9.561111
13.608333
10.552778
9.561111
13.608333
10.552778
9.561111
10.552778
9.561111
10.552778
9.561111
10.552778
9.561111
10.552778
9.561111
9.561111
9.561111
