13.210606
11.815556
12.281481
12.366975
13.224573
11.420660
11.731548
10.320833
13.493827
12.771181
12.950556
10.820437
11.561111
11.486667
12.059722
12.565123
12.518254
11.974145
13.254167
14.661806
10.546296
11.729444
11.084641
12.647454
11.735802
12.018056
12.946429
12.093333
15.173148
12.654444
11.670833
11.635897
11.972531
13.502963
12.191667
10.617188
14.264167
12.485185
11.858951
11.802778
12.643519
13.541389
12.885764
11.940556
11.301190
12.905000
10.600926
11.613272
11.793750
12.809568
10.980808
11.848148
12.033974
12.272222
11.139286
9.296667
12.505303
11.282576
12.861667
10.932500
13.035648
10.703889
13.856389
12.922619
12.674537
9.635185
12.834877
13.149786
11.243333
11.811728
10.916667
13.423291
12.173611
12.573056
11.783333
11.603472
11.067593
12.953333
12.754012
10.821970
11.594907
13.141667
11.545299
11.988194
12.341049
10.944949
11.359722
11.630051
10.928056
10.686111
12.176190
13.463034
13.616667
11.911852
15.465873
11.591162
11.456173
13.397778
12.432778
