8.263889
7.437500
6.886574
8.263889
8.263889
8.263889
7.673611
5.509259
8.263889
8.263889
8.263889
8.263889
8.263889
8.263889
8.263889
8.263889
8.263889
7.628205
8.263889
8.754861
8.263889
8.263889
8.263889
8.263889
6.427469
7.673611
8.263889
8.263889
8.940123
8.263889
8.263889
8.263889
8.263889
8.657222
8.263889
7.989236
8.729167
8.263889
8.263889
8.263889
8.521065
8.263889
8.263889
7.437500
8.263889
8.263889
8.263889
8.263889
8.263889
8.263889
7.512626
8.263889
7.722650
7.575231
8.263889
6.611111
8.263889
7.512626
8.263889
7.437500
8.263889
8.263889
8.263889
8.263889
8.263889
6.886574
8.263889
8.263889
8.263889
8.263889
7.345679
8.263889
8.263889
8.263889
8.263889
8.263889
8.263889
8.263889
8.263889
7.512626
8.263889
8.263889
8.263889
8.263889
8.263889
8.263889
7.900992
8.263889
8.263889
7.575231
8.263889
8.624145
8.263889
8.263889
8.969444
8.263889
8.263889
8.263889
9.626389
