7720.000000
6970.000000
13500.000000
13520.000000
15050.000000
17920.000000
17920.000000
17920.000000
19870.000000
17000.000000
14290.000000
21970.000000
21970.000000
23500.000000
25450.000000
4760.000000
20920.000000
26760.000000
35440.000000
26760.000000
35440.000000
26760.000000
35440.000000
28710.000000
37390.000000
9030.000000
32980.000000
33000.000000
34530.000000
36480.000000
7190.000000
6970.000000
16330.000000
16350.000000
17880.000000
14940.000000
14940.000000
14940.000000
19830.000000
16890.000000
410.000000
24730.000000
14310.000000
14310.000000
15840.000000
17790.000000
31370.000000
31370.000000
31370.000000
31370.000000
11400.000000
24070.000000
25080.000000
25100.000000
35830.000000
35830.000000
37360.000000
26630.000000
39310.000000
28580.000000
4220.000000
8850.000000
26800.000000
33860.000000
20620.000000
33880.000000
20640.000000
22750.000000
22750.000000
35410.000000
24280.000000
22170.000000
37360.000000
26230.000000
24120.000000
3500.000000
9350.000000
9350.000000
10880.000000
12830.000000
17620.000000
17780.000000
13320.000000
