8.253094
7.679177
7.632430
8.076379
8.365594
8.166567
8.746006
8.370344
8.099875
8.664500
8.428853
9.083571
8.352247
8.160961
8.266449
9.157632
8.953366
8.402305
8.372913
8.871404
8.683951
8.758725
8.386654
8.300868
7.615267
8.623605
8.614247
8.440414
8.172930
8.516815
8.143328
7.907232
8.844459
8.300026
7.615064
7.789876
8.575844
8.469028
7.904723
8.397758
8.296649
9.364356
8.508400
8.198727
9.204832
8.282263
8.265043
7.967558
8.622363
8.479676
8.175325
8.175325
8.175325
8.104263
8.104263
8.272027
8.104263
8.291388
8.291388
8.272140
8.272140
8.272140
8.272140
8.272140
8.272140
8.272140
8.272140
8.101854
7.474478
7.474478
7.474478
7.474478
7.474478
7.474478
7.474478
7.474478
7.474478
7.474478
7.474478
7.474478
7.474478
7.474478
7.474478
8.703681
8.599775
8.599775
8.599775
8.977576
8.977576
8.977576
8.977576
8.977576
8.977576
8.977576
8.977576
8.977576
8.977576
8.977576
8.977576
8.977576
8.977576
8.977576
8.977576
7.999356
9.007314
8.653396
8.653396
9.416373
9.029131
9.092603
9.281581
9.235690
9.615651
9.416373
9.029131
9.092603
9.281581
9.235690
9.615651
9.416373
9.029131
9.416373
9.029131
9.092603
9.281581
9.235690
9.615651
9.416373
9.029131
9.092603
9.281581
9.235690
9.615651
9.416373
9.029131
9.092603
9.281581
9.235690
9.615651
9.416373
9.029131
9.092603
9.281581
9.235690
9.615651
9.416373
9.029131
9.092603
9.281581
9.235690
9.615651
9.416373
9.029131
9.092603
9.281581
9.235690
9.615651
9.993338
9.774551
10.143375
10.214018
10.164631
10.201884
9.993338
9.774551
10.143375
10.214018
10.164631
10.201884
10.136362
9.856612
10.118752
10.048766
9.981352
10.171064
10.167213
9.921257
10.152612
10.076009
10.142579
10.232630
10.206168
11.084604
9.846397
10.212041
9.946609
9.995230
10.076749
9.972055
10.056397
9.767539
11.680515
10.318599
10.090009
9.900180
10.496354
10.358583
10.190207
10.497257
10.598974
9.955798
10.069320
9.913817
10.541191
10.030389
9.885075
10.232081
9.981071
10.029560
10.456761
10.354645
10.113538
10.184813
9.924111
10.269469
10.513669
10.245816
10.120967
9.854851
10.123528
10.426459
10.258954
10.440401
10.276656
9.987164
10.378792
10.110500
10.135251
11.043390
10.221577
10.233825
10.182112
9.811730
10.169862
9.917839
10.023103
10.146698
10.358405
10.150152
10.031176
10.112616
9.853379
10.180129
10.032477
10.007025
10.282424
10.041275
10.131157
10.262137
9.962995
10.192834
9.997661
10.114070
10.270771
12.428795
10.062691
10.516715
9.967669
10.195051
10.380518
9.963627
9.722105
9.594660
9.359257
9.684831
9.783602
9.719488
9.756330
9.706835
9.425009
9.674032
9.618263
9.526804
9.726787
9.743726
9.438705
9.710970
9.631344
9.701156
9.797388
9.789299
10.636984
9.428882
9.784938
9.529727
9.551250
9.622656
9.561866
9.600863
9.361466
11.207346
9.870200
9.688843
9.459544
10.053778
9.918147
9.746386
10.031736
10.153443
9.553805
9.640152
9.471465
10.075989
9.634344
9.456742
9.784026
9.566057
9.593965
10.016077
9.909835
9.677233
9.754718
9.499579
9.831733
10.069973
9.868449
9.659741
9.433565
9.706201
9.999168
9.817706
9.990794
9.833204
9.542771
9.942752
9.681522
9.672035
10.597715
9.769934
9.791155
9.746451
9.374731
9.749435
9.461455
9.591860
9.706436
9.914291
9.683196
9.603306
9.677318
9.400293
9.744330
9.593259
9.556624
9.853485
9.594776
9.677185
9.820272
9.522575
9.756890
9.553642
9.686991
9.835207
11.904144
9.636266
10.075788
9.510462
9.724344
9.938653
9.545110
9.296428
9.356460
9.118061
9.424601
9.537751
9.463179
9.504885
9.460291
9.178391
9.422652
9.358603
9.268006
9.472128
9.496215
9.161291
9.454328
9.380533
9.444156
9.543112
9.538196
10.375987
9.182246
9.535815
9.289144
9.294278
9.362607
9.327599
9.327783
9.114151
10.938798
9.616398
9.449487
9.213064
9.803404
9.666380
9.497870
9.762603
9.892935
9.314869
9.392598
9.210968
9.806921
9.399923
9.207112
9.524448
9.334671
9.338309
9.766276
9.654035
9.426122
9.507779
9.255632
9.576307
9.809984
9.639650
9.401532
9.187373
9.466346
9.742762
9.559193
9.738830
9.585783
9.293587
9.698551
9.430263
9.404734
10.343600
9.513782
9.535616
9.496672
9.128479
9.509459
9.204894
9.342071
9.449052
9.661765
9.409997
9.358618
9.425298
9.130095
9.483439
9.340677
9.302833
9.607063
9.335735
9.404955
9.575232
9.272580
9.506785
9.288629
9.440807
9.588571
11.598238
9.384110
9.814966
9.256673
9.455194
9.683653
9.293920
9.053161
9.284990
9.041297
9.340727
9.456624
9.388385
9.416845
9.384748
9.103216
9.345875
9.280584
9.186890
9.389322
9.421001
9.076307
9.372841
9.295388
9.366560
9.465141
9.468599
10.291691
9.101711
9.451428
9.217252
9.210639
9.281414
9.259658
9.246312
9.028694
10.854232
9.537364
9.378300
9.130970
9.726376
9.587824
9.408528
9.680248
9.810000
9.238916
9.318123
9.122719
9.717333
9.329545
9.127981
9.443054
9.256053
9.251319
9.688170
9.573608
9.350631
9.430643
9.176192
9.495542
9.726157
9.567875
9.313675
9.106243
9.389962
9.666289
9.474838
9.652379
9.502053
9.205554
9.613580
9.351214
9.319513
10.266894
9.431023
9.455210
9.417331
9.051416
9.439498
9.118267
9.262012
9.377311
9.583511
9.328309
9.290060
9.344173
9.044597
9.409861
9.260519
9.213787
9.530112
9.256076
9.318395
9.492098
9.191282
9.424999
9.213753
9.364327
9.514054
11.500719
9.305005
9.735062
9.172645
9.367586
9.603544
9.216583
8.967905
9.020189
8.765710
9.046191
9.172655
9.100932
9.127935
9.102458
8.828889
9.063663
8.983113
8.896276
9.094501
9.137536
8.772586
9.087794
9.009752
9.078454
9.172152
9.190844
9.998725
8.819207
9.167185
8.945975
8.922670
8.991590
8.995184
8.955955
8.750922
10.551314
9.250725
9.109197
8.850342
9.438684
9.301725
9.121812
9.378649
9.532528
8.968454
9.026777
8.829056
9.411476
9.057498
8.843829
9.151325
8.993965
8.969402
9.396718
9.283872
9.069925
9.151163
8.899051
9.211631
9.431697
9.299788
9.019050
8.837259
9.124487
9.385581
9.182633
9.370942
9.220109
8.921939
9.335696
9.063484
9.023905
9.981580
9.137770
9.175297
9.133883
8.779938
9.163719
8.837420
8.982784
9.087371
9.296579
9.028495
9.016042
9.059459
8.746071
9.118779
8.985436
8.927010
9.246360
8.970566
9.028660
9.200828
8.915707
9.143087
8.914590
9.080836
9.234206
11.147020
9.023222
9.444225
8.887369
9.069747
9.319030
8.948848
8.682139
9.134466
8.888182
9.174351
9.299486
9.223258
9.256004
9.225482
8.944752
9.182983
9.114300
9.022294
9.226167
9.261395
8.907498
9.210966
9.138458
9.203939
9.302488
9.309344
10.128902
8.945296
9.296237
9.063902
9.048984
9.114532
9.106966
9.079976
8.877811
10.679807
9.372526
9.227002
8.973156
9.562123
9.426981
9.248769
9.509266
9.651990
9.089110
9.153709
8.962595
9.548759
9.178165
8.965759
9.278172
9.108131
9.094459
9.525420
9.411348
9.190976
9.273753
9.022207
9.334623
9.562831
9.421764
9.150539
8.954114
9.241140
9.506950
9.312619
9.494530
9.343720
9.049647
9.460239
9.190669
9.150012
10.103192
9.266016
9.294163
9.255720
8.898083
9.280971
8.963695
9.104633
9.208875
9.420032
9.156898
9.128574
9.184775
8.878418
9.248012
9.104275
9.057538
9.372154
9.095401
9.154755
9.331582
9.033636
9.266853
9.042437
9.204627
9.351915
11.305386
9.143927
9.571631
9.009025
9.200902
9.442145
9.068615
8.811330
9.123152
8.877330
9.165591
9.289895
9.207256
9.246217
9.215576
8.932887
9.169321
9.105970
9.010544
9.215597
9.250138
8.891874
9.197722
9.126467
9.192492
9.290753
9.297354
10.116232
8.938210
9.281914
9.049645
9.034504
9.103882
9.093360
9.065307
8.868011
10.668666
9.361508
9.214105
8.964781
9.549320
9.413129
9.238797
9.495334
9.640136
9.079228
9.144559
8.948961
9.538388
9.169515
8.951002
9.268335
9.091263
9.087351
9.515024
9.400145
9.179388
9.264009
9.009589
9.325075
9.551396
9.410321
9.137609
8.944576
9.229998
9.495108
9.301958
9.480714
9.331220
9.037251
9.443932
9.179938
9.140458
10.091859
9.253095
9.278924
9.242568
8.884947
9.270839
8.944787
9.093416
9.197243
9.411712
9.142222
9.114683
9.173027
8.870047
9.233914
9.087723
9.043488
9.358833
9.084054
9.140233
9.319082
9.023673
9.255013
9.031944
9.192945
9.339672
11.291892
9.133354
9.559363
9.000982
9.188445
9.431014
9.057569
8.802804
9.071744
8.823065
9.105501
9.230775
9.152843
9.186519
9.160032
8.881541
9.116228
9.044677
8.953887
9.157327
9.195974
8.829710
9.143872
9.067102
9.136320
9.233250
9.245641
10.056654
8.878149
9.223460
8.997137
8.980299
9.046990
9.046259
9.006705
8.807246
10.611319
9.306529
9.161637
8.906092
9.495922
9.358979
9.179367
9.438381
9.581003
9.024066
9.088712
8.888483
9.474237
9.115080
8.900234
9.208322
9.042454
9.025604
9.458924
9.341049
9.125081
9.208700
8.955376
9.268942
9.491758
9.356140
9.076104
8.888021
9.176434
9.440794
9.241994
9.424983
9.275466
8.977745
9.389686
9.121544
9.078094
10.036652
9.196516
9.225237
9.189540
8.830488
9.220405
8.891296
9.038440
9.145668
9.354820
9.082278
9.065838
9.117092
8.807554
9.177148
9.031791
8.984165
9.304668
9.025814
9.079022
9.260947
8.967625
9.198970
8.975049
9.138251
9.288117
11.221574
9.077324
9.501777
8.941823
9.129521
9.375190
8.999513
8.743673
10.348858
9.982120
10.013912
10.205429
10.183542
10.550921
9.965104
9.751518
9.984209
9.926568
9.796910
10.329025
10.017779
10.041567
10.397886
9.876703
10.020109
10.126760
10.314297
10.731935
9.953049
9.950224
10.121737
10.098620
10.242248
10.087931
9.973099
9.825528
11.488350
10.189771
10.213023
10.233771
10.150721
10.774942
9.990734
10.353566
10.479350
10.050464
9.873110
10.085901
10.194547
10.037942
10.184068
10.370594
10.088890
10.039111
10.112744
10.213564
10.003569
10.044183
9.767300
10.194483
10.263354
10.211331
10.074699
9.585760
10.313921
10.145034
10.451199
9.927340
10.302765
9.878562
10.107505
10.097073
10.246867
11.112498
10.032801
9.937413
10.044010
10.109476
10.123226
10.449405
10.109804
10.195393
9.922831
10.132799
10.015113
10.030841
9.731582
10.201220
9.758397
10.188708
10.320506
10.103671
10.016781
10.133293
9.977505
10.076034
10.126174
10.179758
10.040361
11.931182
9.679773
9.956741
11.035490
9.852982
10.302875
10.048868
11.163205
9.905628
9.532571
9.587091
9.770324
9.742225
10.108921
9.506229
9.310497
9.540261
9.483858
9.329629
9.896865
9.589336
9.593040
9.959395
9.460652
9.570773
9.672513
9.869149
10.270401
9.503875
9.538268
9.681979
9.646410
9.803905
9.651728
9.543140
9.438088
11.031706
9.762391
9.784635
9.811645
9.685863
10.313082
9.570465
9.907461
10.032955
9.606807
9.430732
9.663716
9.761206
9.582922
9.723288
9.929133
9.663141
9.599817
9.675048
9.755588
9.566067
9.586034
9.342784
9.758811
9.825063
9.760195
9.645689
9.158343
9.879510
9.723107
9.992839
9.522692
9.867831
9.442059
9.683351
9.661592
9.812471
10.631628
9.597256
9.511649
9.597921
9.657529
9.673144
10.003502
9.675287
9.759540
9.463525
9.690672
9.565625
9.585379
9.320303
9.783400
9.340953
9.745366
9.889814
9.634803
9.556100
9.700275
9.546151
9.645311
9.671404
9.725108
9.596770
11.408832
9.249020
9.515201
10.545974
9.423085
9.876468
9.595069
10.703380
9.658666
9.271910
9.330077
9.522095
9.482089
9.857968
9.241100
9.058628
9.289283
9.235129
9.056076
9.645905
9.340239
9.322933
9.709826
9.214536
9.310330
9.416258
9.612187
10.006981
9.243668
9.301328
9.432837
9.387393
9.550855
9.404181
9.295579
9.195368
10.764417
9.520336
9.529395
9.568967
9.427036
10.053621
9.335547
9.645152
9.777081
9.351077
9.170312
9.410715
9.509187
9.330735
9.467422
9.669094
9.418471
9.346049
9.418263
9.489018
9.314657
9.323229
9.097899
9.514263
9.571900
9.510082
9.396628
8.916909
9.630291
9.474751
9.735346
9.279651
9.617300
9.196364
9.430502
9.418430
9.560629
10.360485
9.347311
9.265517
9.346930
9.399516
9.417099
9.747476
9.431571
9.502249
9.195843
9.442750
9.300819
9.328764
9.080045
9.538045
9.094925
9.489978
9.639644
9.375028
9.292499
9.455609
9.296375
9.388084
9.403962
9.468511
9.339395
11.119001
8.991845
9.265247
10.267196
9.176743
9.626603
9.337901
10.440971
9.572884
9.197415
9.255511
9.443290
9.396043
9.777016
9.162257
8.976758
9.206221
9.152388
8.970073
9.563696
9.258119
9.242947
9.633058
9.131356
9.225237
9.335367
9.532882
9.920310
9.159418
9.229264
9.351038
9.302495
9.468125
9.329532
9.216569
9.120948
10.685324
9.443489
9.450532
9.497123
9.338887
9.968045
9.254500
9.573573
9.696250
9.270931
9.101420
9.326505
9.428702
9.245288
9.379429
9.587684
9.342302
9.264124
9.336019
9.402467
9.237941
9.236911
9.019667
9.434730
9.492272
9.423444
9.321662
8.844351
9.548521
9.397390
9.649405
9.210812
9.537764
9.116497
9.346770
9.340046
9.482192
10.274227
9.272263
9.186128
9.266478
9.318151
9.342399
9.664550
9.354622
9.424556
9.110950
9.361571
9.219604
9.246236
9.011920
9.461502
9.021529
9.404403
9.561826
9.288138
9.206698
9.377043
9.214679
9.304884
9.322674
9.390171
9.266348
11.023305
8.914105
9.184630
10.182222
9.082770
9.545351
9.255358
10.357276
9.291130
8.898354
8.964531
9.158188
9.102991
9.488016
8.876399
8.693791
8.924111
8.874388
8.666729
9.272796
8.971227
8.944391
9.346589
8.860131
8.939227
9.041982
9.239467
9.621155
8.863957
8.958609
9.065373
9.016128
9.185946
9.049685
8.935410
8.855574
10.382912
9.164223
9.168138
9.216201
9.047438
9.672560
8.988082
9.287021
9.402051
8.987282
8.818051
9.043187
9.146078
8.954744
9.081086
9.299779
9.071067
8.976826
9.049613
9.105214
8.949500
8.945654
8.748221
9.154568
9.206925
9.132139
9.047534
8.571925
9.277904
9.115760
9.354193
8.940949
9.256912
8.833812
9.059672
9.062808
9.197396
9.964766
8.987807
8.905304
8.976686
9.035316
9.057566
9.373741
9.073731
9.140797
8.818840
9.077533
8.927882
8.955368
8.734750
9.189303
8.749425
9.114405
9.286699
8.993375
8.915596
9.086075
8.943098
9.014239
9.035562
9.093232
8.972990
10.685766
8.631500
8.905760
9.871336
8.804945
9.261287
8.958444
10.061367
9.416373
9.029131
9.092603
9.281581
9.235690
9.615651
8.996242
8.816056
9.046362
8.996576
8.800291
9.400123
9.097977
9.076525
9.470440
8.982503
9.065557
9.169621
9.365395
9.751414
8.994035
9.076971
9.189924
9.141333
9.310201
9.168090
9.057714
8.975599
10.512135
9.284393
9.290722
9.338345
9.176470
9.802237
9.105772
9.406445
9.529462
9.111000
8.936755
9.171820
9.269495
9.081697
9.213925
9.425927
9.186472
9.106871
9.173078
9.236077
9.075379
9.073575
8.864586
9.278556
9.330707
9.263497
9.166306
8.688757
9.394625
9.238586
9.484724
9.056541
9.380150
8.957665
9.188336
9.183906
9.320700
10.100878
9.106530
9.027706
9.101749
9.156380
9.178078
9.500279
9.193350
9.266253
8.945907
9.199783
9.051378
9.082836
8.853949
9.304984
8.865663
9.243748
9.406963
9.123838
9.042768
9.213160
9.063928
9.144616
9.158403
9.218874
9.098237
10.836159
8.755643
9.028873
10.003485
8.930854
9.386825
9.091834
10.189809
9.406374
9.015128
9.082200
9.269071
9.221833
9.604587
8.984239
8.804836
9.034750
8.982048
8.786621
9.389175
9.087701
9.066405
9.459412
8.970705
9.053365
9.157160
9.355434
9.740162
8.986385
9.062288
9.179112
9.127581
9.299077
9.156960
9.045379
8.963831
10.499055
9.274731
9.278859
9.325644
9.160953
9.789121
9.094470
9.388856
9.521745
9.100206
8.921639
9.163728
9.259285
9.071410
9.199290
9.414929
9.172539
9.094035
9.165429
9.224896
9.066247
9.063797
8.853727
9.263838
9.318071
9.252406
9.152897
8.675189
9.381279
9.229626
9.473782
9.046991
9.369189
8.946894
9.179746
9.171964
9.311173
10.086749
9.097350
9.016822
9.091646
9.143505
9.163707
9.484872
9.182595
9.251572
8.930376
9.190124
9.042041
9.073216
8.845499
9.295153
8.852357
9.233110
9.394165
9.112315
9.030432
9.204463
9.046232
9.135408
9.146393
9.208711
9.085200
10.819717
8.740920
9.014013
9.988673
8.924011
9.376045
9.078185
10.179172
9.347423
8.961634
9.025614
9.213258
9.162913
9.547786
8.928525
8.749785
8.980179
8.926946
8.724102
9.331984
9.030405
9.005114
9.404705
8.911866
8.994312
9.100078
9.300383
9.680014
8.924790
9.010237
9.121392
9.071129
9.240869
9.105933
8.990647
8.908786
10.442577
9.221021
9.222341
9.274024
9.102604
9.730112
9.039847
9.337350
9.464485
9.041757
8.869856
9.102350
9.203784
9.014028
9.140053
9.356751
9.121700
9.034619
9.106862
9.164671
9.009395
9.002939
8.799427
9.210683
9.264284
9.192583
9.098522
8.625144
9.325782
9.172539
9.415243
8.994222
9.313420
8.891661
9.119800
9.118567
9.254120
10.027629
9.044044
8.962100
9.036561
9.087242
9.110980
9.430221
9.130472
9.196057
8.872042
9.133247
8.984442
9.013561
8.794942
9.241043
8.799854
9.175339
9.337974
9.052973
8.970433
9.148630
8.992430
9.074828
9.088271
9.152543
9.032043
10.756382
8.685450
8.958942
9.929510
8.859877
9.319972
9.019957
10.120001
8.590796
8.590796
9.347423
8.961634
9.025614
9.213258
9.162913
8.590796
8.590796
