790
1860
2020
2030
2030
2280
2280
3280
3280
4110
4110
4110
4110
4110
4110
4240
4240
4430
4430
4430
4460
4460
4460
4460
5170
5170
5170
6080
6080
6080
6080
6080
6080
6080
6200
6200
6200
6200
6200
6200
6200
6350
6350
6350
6350
6350
6350
6910
6910
6910
6910
6910
6910
6910
6910
6910
6910
7110
7110
7110
7110
8600
8600
8600
8600
8600
8600
8600
8600
8800
8800
8800
8800
8800
8800
8800
8800
9240
9240
9240
9240
9240
9240
9240
9240
9240
9240
9240
9240
9240
9420
9420
9420
9420
9420
9420
9420
9420
9420
9420
9420
9420
9510
9510
9510
9510
9510
9510
9510
9510
9510
9510
9510
9510
9510
9510
10740
10740
10740
10740
10740
10740
10740
10740
10740
10740
10740
10740
10740
10740
10740
10740
10740
10740
10900
10900
10900
10900
10900
10900
10900
10900
10900
10900
10900
10900
10900
10900
10900
10900
10900
10900
10900
10900
11180
11180
11180
11180
11180
11180
11180
11180
11180
11180
11180
11180
11180
11180
11180
11180
11180
11180
11180
11180
11180
11180
11610
11610
11610
11610
11610
11610
11610
11610
11610
11610
11610
11610
11610
11610
11610
11610
11610
11720
11720
11720
11720
11720
11720
11720
11720
11720
11720
11720
11720
11720
11720
11720
11720
11720
11720
11720
11720
11720
11720
12790
12790
12790
12790
12790
12790
12790
12790
12790
12790
12790
12790
12790
12790
12790
12790
12790
12790
12790
12790
13340
13340
13340
13340
13340
13340
13340
13340
13340
13340
13340
13340
13340
13340
13340
13340
13340
13340
13340
13340
13340
13340
13340
13340
13830
13830
13830
13830
13830
13830
13830
13830
13830
13830
13830
13830
13830
13830
13830
13830
13830
13830
13830
13830
13830
13830
13830
13830
13830
13970
13970
13970
13970
13970
13970
13970
13970
13970
13970
13970
13970
13970
13970
13970
13970
13970
13970
13970
13970
13970
13970
13970
14520
14520
14520
14520
14520
14520
14520
14520
14520
14520
14520
14520
14520
14520
14520
14520
14520
14520
14520
14520
14520
14520
14520
14520
14520
14520
14820
14820
14820
14820
14820
14820
14820
14820
14820
14820
14820
14820
14820
14820
14820
14820
14820
14820
14820
14820
14820
14820
14820
14820
14820
14820
14820
14820
15420
15420
15420
15420
15420
15420
15420
15420
790
15420
15420
15420
15420
15420
15420
15420
15420
15420
15420
15420
15420
15420
15420
15420
15420
15420
15420
15420
15950
15950
15950
15950
15950
15950
15950
15950
15950
15950
15950
15950
15950
15950
15950
15950
15950
15950
15950
15950
15950
15950
15950
15950
15950
15950
15950
15950
15950
1320
16060
16060
16060
16060
16060
16060
16060
16060
16060
16060
16060
16060
16060
16060
16060
16060
16060
16060
16060
16060
16060
16060
1430
16060
16060
16060
16060
16650
16650
16650
16650
16650
16650
16650
16650
16650
16650
16650
16650
16650
16650
16650
16650
2020
16650
16650
16650
16650
16650
16650
16650
16650
16650
16650
16650
16650
16650
16650
16650
17240
17240
17240
17240
17240
17240
17240
17240
17240
17240
17240
17240
17240
17240
17240
17240
17240
17240
17240
17240
2610
17240
17240
17240
17240
17240
17240
17240
17550
17550
17550
17550
17550
17550
17550
17550
2920
17550
2920
17550
17550
17550
17550
17550
17550
17550
17550
17550
17550
17550
17550
17550
17550
17550
17550
17550
17550
17550
18300
18300
18300
18300
18300
18300
18300
18300
18300
18300
18300
18300
18300
18300
18300
18300
18300
18300
18300
18300
3670
18300
18300
18300
18300
18300
18300
18300
3670
18300
3670
18300
18300
18300
18300
18340
18340
18340
18340
18340
18340
18340
18340
18340
18340
18340
18340
18340
18340
18340
18340
18340
18340
18340
18340
18340
18340
18340
18340
18340
18340
18340
18340
18340
3710
18340
3710
18660
18660
18660
18660
18660
18660
18660
18660
4030
18660
4030
18660
18660
18660
18660
18660
18660
18660
18660
4030
18660
4030
18660
18660
18660
18660
18660
18660
18660
18660
18660
18660
18660
18660
18660
18660
18660
19340
19340
19340
19340
19340
19340
19340
19340
19340
19340
19340
19340
19340
19340
19340
19340
4710
19340
4710
19340
19340
19340
19340
19340
19340
19340
4710
19340
4710
19340
19340
19340
19340
19340
19340
19340
19340
19340
19340
19340
20260
20260
20260
20260
20260
20260
20260
20260
20260
20260
20260
20260
20260
20260
20260
20260
20260
20260
20260
20260
5630
20260
20260
20260
20260
20260
20260
20260
5630
20260
5630
20260
5630
980
20260
20260
20260
20260
20450
20450
20450
20450
20450
20450
20450
20450
20450
20450
20450
20450
20450
20450
20450
20450
20450
20450
20450
20450
20450
20450
20450
20450
20450
20450
20450
20450
20450
5820
20450
5820
20450
5820
1170
21780
21780
21780
21780
21780
21780
21780
21780
21780
21780
21780
21780
21780
21780
21780
21780
7150
21780
7150
21780
21780
21780
21780
21780
21780
21780
7150
21780
7150
21780
7150
2500
21780
21780
21780
21780
21780
21780
21780
21780
21780
21780
21780
28280
28280
28280
28280
28280
28280
28280
13650
28280
13650
28280
13650
9000
28280
28280
28280
28280
28280
28280
28280
28280
13650
28280
13650
28280
13650
9000
28280
28280
28280
28280
28280
28280
28280
13650
28280
13650
28280
13650
9000
28280
13650
9000
28280
28280
28280
28280
28280
28280
28280
13650
28280
13650
28280
13650
9000
28280
13650
9000
28280
28280
28280
28280
28280
28280
28280
13650
28280
13650
28280
13650
9000
28280
13650
9000
28860
28860
28860
28860
28860
28860
28860
28860
14230
28860
14230
28860
14230
9580
28860
28860
28860
28860
28860
28860
28860
14230
28860
14230
28860
14230
9580
28860
28860
28860
28860
28860
28860
28860
14230
28860
14230
28860
14230
9580
28860
14230
9580
28860
28860
28860
28860
28860
28860
28860
14230
28860
14230
28860
14230
9580
28860
14230
9580
28860
28860
28860
28860
28860
28860
28860
14230
28860
14230
28860
14230
9580
28860
14230
9580
29310
29310
29310
29310
29310
29310
29310
29310
14680
29310
14680
29310
14680
10030
29310
29310
29310
29310
29310
29310
29310
29310
14680
29310
14680
29310
14680
10030
29310
29310
29310
29310
29310
29310
29310
14680
29310
14680
29310
14680
10030
29310
14680
10030
29310
29310
29310
29310
29310
29310
14680
29310
14680
29310
14680
10030
29310
14680
10030
29310
29310
29310
29310
29310
29310
29310
14680
29310
14680
29310
14680
10030
29310
14680
10030
29640
29640
29640
29640
29640
29640
29640
29640
15010
29640
15010
29640
15010
10360
29640
29640
29640
29640
29640
29640
29640
29640
15010
29640
15010
29640
15010
10360
29640
29640
29640
29640
29640
29640
29640
15010
29640
15010
29640
15010
10360
29640
15010
10360
29640
29640
29640
29640
29640
29640
29640
15010
29640
15010
29640
15010
10360
29640
15010
10360
29640
29640
29640
29640
29640
29640
15010
29640
15010
29640
15010
10360
29640
15010
10360
29770
29770
29770
29770
29770
29770
29770
29770
15140
29770
15140
29770
15140
10490
29770
29770
29770
29770
29770
29770
29770
29770
15140
29770
15140
29770
15140
10490
29770
29770
29770
29770
29770
29770
15140
29770
15140
29770
15140
10490
29770
15140
10490
29770
29770
29770
29770
29770
29770
29770
15140
29770
15140
29770
15140
10490
29770
15140
10490
29770
29770
29770
29770
29770
29770
29770
15140
29770
15140
29770
15140
10490
29770
15140
10490
15910
11260
30540
30540
30540
30540
30540
30540
15910
30540
15910
30540
15910
11260
30540
30540
30540
30540
30540
30540
30540
30540
15910
30540
15910
30540
15910
11260
30540
30540
30540
30540
30540
30540
30540
15910
30540
15910
30540
15910
11260
30540
15910
11260
30540
30540
30540
30540
30540
30540
30540
15910
30540
15910
30540
15910
11260
30540
15910
11260
30540
30540
30540
30540
30540
30540
30540
15910
30540
15910
30540
15910
11260
30540
15910
11260
31610
31610
31610
31610
31610
31610
31610
31610
16980
31610
16980
31610
16980
12330
31610
31610
31610
31610
31610
31610
31610
31610
16980
31610
16980
31610
16980
12330
16980
12330
31610
31610
31610
31610
31610
16980
31610
16980
31610
16980
12330
31610
16980
12330
31610
31610
31610
31610
31610
31610
31610
16980
31610
16980
31610
16980
12330
31610
16980
12330
31610
31610
31610
31610
31610
31610
31610
16980
31610
16980
31610
16980
12330
31610
16980
12330
31770
31770
31770
31770
31770
31770
31770
31770
17140
31770
17140
31770
17140
12490
31770
31770
31770
31770
31770
31770
31770
31770
17140
31770
17140
31770
17140
12490
31770
31770
31770
31770
31770
31770
31770
17140
31770
17140
31770
17140
12490
31770
17140
12490
31770
31770
31770
31770
31770
31770
31770
17140
31770
17140
31770
17140
12490
31770
17140
12490
17140
12490
31770
31770
31770
31770
31770
17140
31770
17140
31770
17140
12490
31770
17140
12490
31780
31780
31780
31780
31780
31780
31780
31780
17150
31780
17150
31780
17150
12500
31780
31780
31780
31780
31780
31780
31780
31780
17150
31780
17150
31780
17150
12500
17150
12500
31780
31780
31780
31780
31780
31780
17150
31780
17150
31780
17150
12500
31780
17150
12500
17150
12500
31780
31780
31780
31780
31780
17150
31780
17150
31780
17150
12500
31780
17150
12500
31780
31780
31780
31780
31780
31780
31780
17150
31780
17150
31780
17150
12500
31780
17150
12500
17400
12750
32030
32030
32030
32030
32030
32030
32030
17400
32030
17400
32030
17400
12750
17400
12750
32030
32030
32030
32030
32030
32030
17400
32030
17400
32030
17400
12750
32030
32030
32030
32030
32030
32030
32030
17400
32030
17400
32030
17400
12750
32030
17400
12750
32030
32030
32030
32030
32030
32030
32030
17400
32030
17400
32030
17400
12750
32030
17400
12750
32030
32030
32030
32030
32030
32030
32030
17400
32030
17400
32030
17400
12750
32030
17400
12750
18400
13750
18400
13750
33030
33030
33030
33030
33030
18400
33030
18400
33030
18400
13750
33030
33030
33030
33030
33030
33030
33030
33030
18400
33030
18400
33030
18400
13750
33030
33030
33030
33030
33030
33030
33030
18400
33030
18400
33030
18400
13750
33030
18400
13750
33030
33030
33030
33030
33030
33030
33030
18400
33030
18400
33030
18400
13750
33030
18400
13750
33030
33030
33030
33030
33030
33030
33030
18400
33030
18400
33030
18400
13750
33030
18400
13750
19230
14580
19230
14580
33860
33860
33860
33860
33860
33860
19230
33860
19230
33860
19230
14580
19230
14580
19230
14580
33860
33860
33860
33860
33860
33860
19230
33860
19230
33860
19230
14580
19230
14580
19230
14580
33860
33860
33860
33860
19230
33860
19230
33860
19230
14580
33860
19230
14580
33860
33860
33860
33860
33860
33860
33860
19230
33860
19230
33860
19230
14580
33860
19230
14580
33860
33860
33860
33860
33860
33860
33860
19230
33860
19230
33860
19230
14580
33860
19230
14580
33990
33990
33990
33990
33990
33990
33990
33990
19360
33990
19360
33990
19360
14710
33990
33990
33990
33990
33990
33990
33990
33990
19360
33990
19360
33990
19360
14710
33990
33990
33990
33990
33990
33990
33990
19360
33990
19360
33990
19360
14710
33990
19360
14710
33990
33990
33990
33990
33990
33990
33990
19360
33990
19360
33990
19360
14710
33990
19360
14710
19360
14710
19360
14710
33990
33990
33990
33990
19360
33990
19360
33990
19360
14710
33990
19360
14710
34180
34180
34180
34180
34180
34180
34180
34180
19550
34180
19550
34180
19550
14900
34180
34180
34180
34180
34180
34180
34180
34180
19550
34180
19550
34180
19550
14900
19550
14900
34180
34180
34180
34180
34180
34180
19550
34180
19550
34180
19550
14900
34180
19550
14900
19550
14900
19550
14900
34180
34180
34180
34180
19550
34180
19550
34180
19550
14900
34180
19550
14900
34180
34180
34180
34180
34180
34180
34180
19550
34180
19550
34180
19550
14900
34180
19550
14900
19580
14930
19580
14930
34210
34210
34210
34210
34210
34210
19580
34210
19580
34210
19580
14930
19580
14930
19580
14930
34210
34210
34210
34210
34210
19580
34210
19580
34210
19580
14930
34210
34210
34210
34210
34210
34210
34210
19580
34210
19580
34210
19580
14930
34210
19580
14930
34210
34210
34210
34210
34210
34210
34210
19580
34210
19580
34210
19580
14930
34210
19580
14930
34210
34210
34210
34210
34210
34210
34210
19580
34210
19580
34210
19580
14930
34210
19580
14930
20290
15640
20290
15640
20290
15640
34920
34920
34920
34920
20290
34920
20290
34920
20290
15640
34920
34920
34920
34920
34920
34920
34920
34920
20290
34920
20290
34920
20290
15640
34920
34920
34920
34920
34920
34920
34920
20290
34920
20290
34920
20290
15640
34920
20290
15640
34920
34920
34920
34920
34920
34920
34920
20290
34920
20290
34920
20290
15640
34920
20290
15640
34920
34920
34920
34920
34920
34920
34920
20290
34920
20290
34920
20290
15640
34920
20290
15640
35830
35830
35830
35830
35830
35830
35830
35830
21200
35830
21200
35830
21200
16550
35830
35830
35830
35830
35830
35830
35830
35830
21200
35830
21200
35830
21200
16550
21200
16550
35830
35830
35830
35830
35830
35830
21200
35830
21200
35830
21200
16550
35830
21200
16550
21200
16550
21200
16550
21200
16550
35830
35830
35830
35830
21200
35830
21200
35830
21200
16550
35830
21200
16550
21200
16550
21200
16550
21200
16550
35830
35830
35830
21200
35830
21200
35830
21200
16550
35830
21200
16550
21320
16670
21320
16670
35950
35950
35950
35950
35950
35950
21320
35950
21320
35950
21320
16670
21320
16670
21320
16670
35950
35950
35950
35950
35950
35950
21320
35950
21320
35950
21320
16670
21320
16670
21320
16670
21320
16670
35950
35950
35950
21320
35950
21320
35950
21320
16670
35950
21320
16670
35950
35950
35950
35950
35950
35950
35950
21320
35950
21320
35950
21320
16670
35950
21320
16670
35950
35950
35950
35950
35950
35950
35950
21320
35950
21320
35950
21320
16670
35950
21320
16670
21470
16820
21470
16820
21470
16820
36100
36100
36100
36100
36100
21470
36100
21470
36100
21470
16820
21470
16820
21470
16820
21470
16820
36100
36100
36100
36100
21470
36100
21470
36100
21470
16820
36100
36100
36100
36100
36100
36100
36100
21470
36100
21470
36100
21470
16820
36100
21470
16820
36100
36100
36100
36100
36100
36100
36100
21470
36100
21470
36100
21470
16820
36100
21470
16820
36100
36100
36100
36100
36100
36100
36100
21470
36100
21470
36100
21470
16820
36100
21470
16820
22030
17380
22030
17380
36660
36660
36660
36660
36660
36660
22030
36660
22030
36660
22030
17380
22030
17380
22030
17380
36660
36660
36660
36660
36660
36660
22030
36660
22030
36660
22030
17380
22030
17380
22030
17380
22030
17380
36660
36660
36660
36660
22030
36660
22030
36660
22030
17380
36660
22030
17380
22030
17380
22030
17380
22030
17380
36660
36660
36660
22030
36660
22030
36660
22030
17380
36660
22030
17380
36660
36660
36660
36660
36660
36660
36660
22030
36660
22030
36660
22030
17380
36660
22030
17380
22230
17580
22230
17580
22230
17580
22230
17580
36860
36860
36860
22230
36860
22230
36860
22230
17580
36860
36860
36860
36860
36860
36860
36860
36860
22230
36860
22230
36860
22230
17580
36860
36860
36860
36860
36860
36860
36860
22230
36860
22230
36860
22230
17580
36860
22230
17580
36860
36860
36860
36860
36860
36860
36860
22230
36860
22230
36860
22230
17580
36860
22230
17580
36860
36860
36860
36860
36860
36860
36860
22230
36860
22230
36860
22230
17580
36860
22230
17580
23720
19070
23720
19070
23720
19070
23720
19070
38350
38350
38350
38350
23720
38350
23720
38350
23720
19070
23720
19070
23720
19070
23720
19070
23720
19070
38350
38350
38350
23720
38350
23720
38350
23720
19070
38350
38350
38350
38350
38350
38350
38350
23720
38350
23720
38350
23720
19070
38350
23720
19070
38350
38350
38350
38350
38350
38350
38350
23720
38350
23720
38350
23720
19070
38350
23720
19070
38350
38350
38350
38350
38350
38350
38350
23720
38350
23720
38350
23720
19070
38350
23720
19070
38550
38550
38550
38550
38550
38550
38550
38550
23920
38550
23920
38550
23920
19270
38550
38550
38550
38550
38550
38550
38550
38550
23920
38550
23920
38550
23920
19270
23920
19270
38550
38550
38550
38550
38550
38550
23920
38550
23920
38550
23920
19270
38550
23920
19270
23920
19270
23920
19270
23920
19270
38550
38550
38550
38550
23920
38550
23920
38550
23920
19270
38550
23920
19270
23920
19270
23920
19270
23920
19270
23920
19270
38550
38550
23920
38550
23920
38550
23920
19270
38550
23920
19270
24360
19710
24360
19710
24360
19710
24360
19710
24360
19710
38990
38990
24360
38990
24360
38990
24360
19710
38990
38990
38990
38990
38990
38990
38990
38990
24360
38990
24360
38990
24360
19710
24360
19710
38990
38990
38990
38990
38990
38990
24360
38990
24360
38990
24360
19710
38990
24360
19710
24360
19710
24360
19710
24360
19710
38990
38990
38990
38990
24360
38990
24360
38990
24360
19710
38990
24360
19710
24360
19710
24360
19710
24360
19710
24360
19710
38990
38990
38990
24360
38990
24360
38990
24360
19710
38990
24360
19710
24540
19890
24540
19890
24540
19890
24540
19890
39170
39170
39170
39170
24540
39170
24540
39170
24540
19890
24540
19890
24540
19890
24540
19890
24540
19890
39170
39170
39170
39170
24540
39170
24540
39170
24540
19890
24540
19890
24540
19890
24540
19890
24540
19890
39170
39170
24540
39170
24540
39170
24540
19890
39170
24540
19890
39170
39170
39170
39170
39170
39170
39170
24540
39170
24540
39170
24540
19890
39170
24540
19890
39170
39170
39170
39170
39170
39170
39170
24540
39170
24540
39170
24540
19890
39170
24540
19890
24630
19980
24630
19980
24630
19980
39260
39260
39260
39260
39260
24630
39260
24630
39260
24630
19980
24630
19980
24630
19980
24630
19980
39260
39260
39260
39260
39260
24630
39260
24630
39260
24630
19980
24630
19980
24630
19980
24630
19980
24630
19980
39260
39260
39260
24630
39260
24630
39260
24630
19980
39260
24630
19980
24630
19980
24630
19980
24630
19980
24630
19980
39260
39260
24630
39260
24630
39260
24630
19980
39260
24630
19980
39260
39260
39260
39260
39260
39260
39260
24630
39260
24630
39260
24630
19980
39260
24630
19980
25860
21210
25860
21210
25860
21210
25860
21210
25860
21210
40490
40490
40490
25860
40490
25860
40490
25860
21210
25860
21210
25860
21210
25860
21210
25860
21210
25860
21210
40490
40490
25860
40490
25860
40490
25860
21210
25860
21210
40490
40490
40490
40490
40490
40490
25860
40490
25860
40490
25860
21210
40490
25860
21210
25860
21210
25860
21210
25860
21210
40490
40490
40490
40490
25860
40490
25860
40490
25860
21210
40490
25860
21210
25860
21210
25860
21210
25860
21210
25860
21210
40490
40490
40490
25860
40490
25860
40490
25860
21210
40490
25860
21210
26020
21370
26020
21370
26020
21370
40650
40650
40650
40650
40650
26020
40650
26020
40650
26020
21370
26020
21370
26020
21370
26020
21370
40650
40650
40650
40650
40650
26020
40650
26020
40650
26020
21370
26020
21370
26020
21370
26020
21370
26020
21370
40650
40650
40650
26020
40650
26020
40650
26020
21370
40650
26020
21370
26020
21370
26020
21370
26020
21370
26020
21370
26020
21370
40650
40650
26020
40650
26020
40650
26020
21370
40650
26020
21370
26020
21370
26020
21370
26020
21370
26020
21370
26020
21370
40650
26020
40650
26020
40650
26020
21370
40650
26020
21370
26300
21650
26300
21650
26300
21650
26300
21650
26300
21650
26300
21650
40930
26300
40930
26300
40930
26300
21650
26300
21650
26300
21650
26300
21650
40930
40930
40930
40930
40930
26300
40930
26300
40930
26300
21650
26300
21650
26300
21650
26300
21650
26300
21650
40930
40930
40930
26300
40930
26300
40930
26300
21650
40930
26300
21650
26300
21650
26300
21650
26300
21650
26300
21650
40930
40930
40930
26300
40930
26300
40930
26300
21650
40930
26300
21650
26300
21650
26300
21650
26300
21650
26300
21650
26300
21650
40930
40930
26300
40930
26300
40930
26300
21650
40930
26300
21650
26730
22080
26730
22080
26730
22080
26730
22080
41360
41360
41360
41360
26730
41360
26730
41360
26730
22080
26730
22080
26730
22080
26730
22080
26730
22080
41360
41360
41360
41360
26730
41360
26730
41360
26730
22080
26730
22080
26730
22080
26730
22080
26730
22080
41360
41360
41360
26730
41360
26730
41360
26730
22080
41360
26730
22080
26730
22080
26730
22080
26730
22080
26730
22080
26730
22080
41360
26730
41360
26730
41360
26730
22080
41360
26730
22080
41360
41360
41360
41360
41360
41360
41360
26730
41360
26730
41360
26730
22080
41360
26730
22080
26840
22190
26840
22190
26840
22190
26840
22190
26840
22190
41470
41470
41470
26840
41470
26840
41470
26840
22190
26840
22190
26840
22190
26840
22190
26840
22190
26840
22190
41470
41470
41470
26840
41470
26840
41470
26840
22190
26840
22190
26840
22190
26840
22190
26840
22190
26840
22190
41470
26840
41470
26840
41470
26840
22190
41470
26840
22190
26840
22190
26840
22190
26840
22190
41470
41470
41470
41470
26840
41470
26840
41470
26840
22190
41470
26840
22190
26840
22190
26840
22190
26840
22190
26840
22190
41470
41470
41470
26840
41470
26840
41470
26840
22190
41470
26840
22190
27910
23260
27910
23260
27910
23260
27910
23260
27910
23260
27910
23260
42540
42540
27910
42540
27910
42540
27910
23260
27910
23260
27910
23260
27910
23260
27910
23260
27910
23260
27910
23260
42540
27910
42540
27910
42540
27910
23260
27910
23260
42540
42540
42540
42540
42540
42540
27910
42540
27910
42540
27910
23260
42540
27910
23260
27910
23260
27910
23260
27910
23260
42540
42540
42540
42540
27910
42540
27910
42540
27910
23260
42540
27910
23260
27910
23260
27910
23260
27910
23260
27910
23260
42540
42540
42540
27910
42540
27910
42540
27910
23260
42540
27910
23260
28460
23810
28460
23810
28460
23810
28460
23810
28460
23810
28460
23810
28460
23810
43090
28460
43090
28460
23810
28460
23810
28460
23810
28460
23810
43090
43090
43090
43090
43090
28460
43090
28460
43090
28460
23810
28460
23810
28460
23810
28460
23810
28460
23810
43090
43090
43090
28460
43090
28460
43090
28460
23810
43090
28460
23810
28460
23810
28460
23810
28460
23810
28460
23810
28460
23810
43090
43090
28460
43090
28460
43090
28460
23810
43090
28460
23810
28460
23810
28460
23810
28460
23810
28460
23810
28460
23810
43090
43090
28460
43090
28460
43090
28460
23810
43090
28460
23810
28950
24300
28950
24300
28950
24300
28950
24300
28950
24300
43580
43580
43580
28950
43580
28950
43580
28950
24300
28950
24300
28950
24300
28950
24300
28950
24300
28950
24300
43580
43580
43580
28950
43580
28950
43580
28950
24300
28950
24300
28950
24300
28950
24300
28950
24300
28950
24300
43580
43580
28950
43580
28950
43580
28950
24300
43580
28950
24300
28950
24300
28950
24300
28950
24300
28950
24300
28950
24300
28950
24300
43580
28950
43580
28950
24300
43580
28950
24300
28950
24300
28950
24300
28950
24300
28950
24300
43580
43580
43580
28950
43580
28950
43580
28950
24300
43580
28950
24300
29090
24440
29090
24440
29090
24440
29090
24440
43720
43720
43720
43720
29090
43720
29090
43720
29090
24440
29090
24440
29090
24440
29090
24440
29090
24440
43720
43720
43720
43720
29090
43720
29090
43720
29090
24440
29090
24440
29090
24440
29090
24440
29090
24440
43720
43720
43720
29090
43720
29090
43720
29090
24440
43720
29090
24440
29090
24440
29090
24440
29090
24440
29090
24440
29090
24440
43720
43720
29090
43720
29090
43720
29090
24440
43720
29090
24440
29090
24440
29090
24440
29090
24440
29090
24440
29090
24440
29090
24440
43720
29090
43720
29090
24440
43720
29090
24440
29640
24990
29640
24990
29640
24990
29640
24990
29640
24990
29640
24990
44270
44270
29640
44270
29640
44270
29640
24990
29640
24990
29640
24990
29640
24990
29640
24990
29640
24990
29640
24990
29640
24990
44270
29640
44270
29640
44270
29640
24990
29640
24990
29640
24990
29640
24990
29640
24990
29640
24990
29640
24990
44270
29640
44270
29640
24990
44270
29640
24990
29640
24990
29640
24990
29640
24990
44270
44270
44270
44270
29640
44270
29640
44270
29640
24990
44270
29640
24990
29640
24990
29640
24990
29640
24990
29640
24990
44270
44270
44270
29640
44270
29640
44270
29640
24990
44270
29640
24990
29940
25290
29940
25290
29940
25290
29940
25290
29940
25290
29940
25290
29940
25290
44570
29940
44570
29940
44570
29940
25290
29940
25290
29940
25290
29940
25290
29940
25290
29940
25290
29940
25290
29940
25290
44570
29940
44570
29940
25290
29940
25290
29940
25290
29940
25290
29940
25290
44570
44570
44570
29940
44570
29940
44570
29940
25290
44570
29940
25290
29940
25290
29940
25290
29940
25290
29940
25290
29940
25290
44570
44570
29940
44570
29940
44570
29940
25290
44570
29940
25290
29940
25290
29940
25290
29940
25290
29940
25290
29940
25290
44570
44570
29940
44570
29940
44570
29940
25290
44570
29940
25290
30540
25890
30540
25890
30540
25890
30540
25890
30540
25890
30540
25890
30540
25890
25890
45170
30540
25890
30540
25890
30540
25890
30540
25890
30540
25890
45170
45170
45170
45170
30540
45170
30540
45170
30540
25890
30540
25890
30540
25890
30540
25890
30540
25890
45170
45170
45170
30540
45170
30540
45170
30540
25890
45170
30540
25890
30540
25890
30540
25890
30540
25890
30540
25890
30540
25890
45170
45170
30540
45170
30540
45170
30540
25890
45170
30540
25890
30540
25890
30540
25890
30540
25890
30540
25890
30540
25890
30540
25890
45170
30540
45170
30540
45170
30540
25890
45170
30540
25890
31070
26420
31070
26420
31070
26420
31070
26420
31070
26420
45700
45700
45700
31070
45700
31070
45700
31070
26420
31070
26420
31070
26420
31070
26420
31070
26420
31070
26420
45700
45700
45700
31070
45700
31070
45700
31070
26420
31070
26420
31070
26420
31070
26420
31070
26420
31070
26420
45700
45700
31070
45700
31070
45700
31070
26420
45700
31070
26420
31070
26420
31070
26420
31070
26420
31070
26420
31070
26420
31070
26420
31070
26420
45700
31070
45700
31070
26420
45700
31070
26420
31070
26420
31070
26420
31070
26420
31070
26420
31070
26420
31070
26420
26420
45700
31070
26420
45700
31070
26420
31180
26530
31180
26530
31180
26530
31180
26530
31180
26530
45810
45810
45810
31180
45810
31180
45810
31180
26530
31180
26530
31180
26530
31180
26530
31180
26530
31180
26530
45810
45810
45810
31180
45810
31180
45810
31180
26530
31180
26530
31180
26530
31180
26530
31180
26530
31180
26530
45810
45810
31180
45810
31180
45810
31180
26530
45810
31180
26530
31180
26530
31180
26530
31180
26530
31180
26530
31180
26530
31180
26530
26530
45810
31180
26530
45810
31180
26530
31180
26530
31180
26530
31180
26530
31180
26530
45810
45810
45810
31180
45810
31180
45810
31180
26530
45810
31180
26530
31770
27120
31770
27120
31770
27120
31770
27120
31770
27120
31770
27120
31770
27120
31770
27120
46400
31770
46400
31770
27120
31770
27120
31770
27120
31770
27120
31770
27120
31770
27120
31770
27120
31770
27120
27120
46400
31770
27120
31770
27120
31770
27120
31770
27120
31770
27120
46400
46400
46400
31770
46400
31770
46400
31770
27120
46400
31770
27120
31770
27120
31770
27120
31770
27120
31770
27120
31770
27120
46400
46400
31770
46400
31770
46400
31770
27120
46400
31770
27120
31770
27120
31770
27120
31770
27120
31770
27120
31770
27120
31770
27120
46400
31770
46400
31770
46400
31770
27120
46400
31770
27120
32360
27710
32360
27710
32360
27710
32360
27710
32360
27710
32360
27710
46990
46990
32360
46990
32360
46990
32360
27710
32360
27710
32360
27710
32360
27710
32360
27710
32360
27710
32360
27710
32360
27710
46990
32360
46990
32360
46990
32360
27710
32360
27710
32360
27710
32360
27710
32360
27710
32360
27710
32360
27710
27710
46990
32360
27710
46990
32360
27710
32360
27710
32360
27710
32360
27710
46990
46990
46990
46990
32360
46990
32360
46990
32360
27710
46990
32360
27710
32360
27710
32360
27710
32360
27710
32360
27710
46990
46990
46990
32360
46990
32360
46990
32360
27710
46990
32360
27710
32670
28020
32670
28020
32670
28020
32670
28020
32670
28020
32670
28020
32670
28020
28020
28020
32670
28020
32670
28020
32670
28020
32670
28020
47300
47300
47300
47300
32670
47300
32670
47300
32670
28020
32670
28020
32670
28020
32670
28020
32670
28020
47300
47300
47300
32670
47300
32670
47300
32670
28020
47300
32670
28020
32670
28020
32670
28020
32670
28020
32670
28020
32670
28020
47300
47300
32670
47300
32670
47300
32670
28020
47300
32670
28020
32670
28020
32670
28020
32670
28020
32670
28020
32670
28020
32670
28020
47300
32670
47300
32670
47300
32670
28020
47300
32670
28020
33420
28770
33420
28770
33420
28770
33420
28770
33420
28770
33420
28770
48050
48050
33420
48050
33420
48050
33420
28770
33420
28770
33420
28770
33420
28770
33420
28770
33420
28770
33420
28770
33420
28770
48050
33420
48050
33420
48050
33420
28770
33420
28770
33420
28770
33420
28770
33420
28770
33420
28770
33420
28770
28770
48050
33420
48050
33420
28770
48050
33420
28770
33420
28770
33420
28770
33420
28770
33420
28770
33420
28770
33420
28770
28770
28770
48050
33420
28770
33420
28770
33420
28770
33420
28770
33420
28770
48050
48050
48050
33420
48050
33420
48050
33420
28770
48050
33420
28770
33460
28810
33460
28810
33460
28810
33460
28810
33460
28810
48090
48090
48090
33460
48090
33460
48090
33460
28810
33460
28810
33460
28810
33460
28810
33460
28810
33460
28810
48090
48090
48090
33460
48090
33460
48090
33460
28810
33460
28810
33460
28810
33460
28810
33460
28810
33460
28810
48090
48090
33460
48090
33460
48090
33460
28810
48090
33460
28810
33460
28810
33460
28810
33460
28810
33460
28810
33460
28810
33460
28810
33460
28810
48090
33460
48090
33460
28810
48090
33460
28810
33460
28810
33460
28810
33460
28810
33460
28810
33460
28810
33460
28810
28810
28810
48090
33460
28810
33780
29130
33780
29130
33780
29130
33780
29130
33780
29130
33780
29130
33780
29130
29130
29130
48410
33780
29130
33780
29130
33780
29130
33780
29130
33780
29130
33780
29130
33780
29130
33780
29130
29130
29130
33780
29130
33780
29130
33780
29130
33780
29130
48410
48410
48410
33780
48410
33780
48410
33780
29130
48410
33780
29130
33780
29130
33780
29130
33780
29130
33780
29130
33780
29130
48410
48410
33780
48410
33780
48410
33780
29130
48410
33780
29130
33780
29130
33780
29130
33780
29130
33780
29130
33780
29130
33780
29130
48410
33780
48410
33780
48410
33780
29130
48410
33780
29130
34460
29810
34460
29810
34460
29810
34460
29810
34460
29810
34460
29810
34460
29810
34460
29810
49090
34460
49090
34460
29810
34460
29810
34460
29810
34460
29810
34460
29810
34460
29810
34460
29810
34460
29810
29810
29810
49090
34460
29810
34460
29810
34460
29810
34460
29810
34460
29810
34460
29810
34460
29810
29810
29810
49090
34460
29810
34460
29810
34460
29810
34460
29810
34460
29810
34460
29810
49090
49090
34460
49090
34460
49090
34460
29810
49090
34460
29810
34460
29810
34460
29810
34460
29810
34460
29810
34460
29810
34460
29810
49090
34460
49090
34460
49090
34460
29810
49090
34460
29810
35380
30730
35380
30730
35380
30730
35380
30730
35380
30730
35380
30730
50010
50010
35380
50010
35380
50010
35380
30730
35380
30730
35380
30730
35380
30730
35380
30730
35380
30730
35380
30730
35380
30730
50010
35380
50010
35380
50010
35380
30730
35380
30730
35380
30730
35380
30730
35380
30730
35380
30730
35380
30730
30730
50010
35380
50010
35380
30730
50010
35380
30730
35380
30730
35380
30730
35380
30730
35380
30730
35380
30730
35380
30730
30730
30730
35380
30730
35380
30730
35380
30730
35380
30730
50010
50010
50010
35380
50010
35380
50010
35380
30730
50010
35380
30730
35570
30920
35570
30920
35570
30920
35570
30920
35570
30920
50200
50200
50200
35570
50200
35570
50200
35570
30920
35570
30920
35570
30920
35570
30920
35570
30920
35570
30920
50200
50200
50200
35570
50200
35570
50200
35570
30920
35570
30920
35570
30920
35570
30920
35570
30920
35570
30920
50200
50200
35570
50200
35570
50200
35570
30920
50200
35570
30920
35570
30920
35570
30920
35570
30920
35570
30920
35570
30920
35570
30920
35570
30920
50200
35570
50200
35570
30920
50200
35570
30920
35570
30920
35570
30920
35570
30920
35570
30920
35570
30920
35570
30920
30920
30920
36900
32250
36900
32250
36900
32250
36900
32250
36900
32250
36900
32250
36900
32250
36900
32250
51530
36900
51530
36900
32250
36900
32250
36900
32250
36900
32250
36900
32250
36900
32250
36900
32250
36900
32250
32250
32250
51530
36900
32250
36900
32250
36900
32250
36900
32250
36900
32250
36900
32250
36900
32250
32250
32250
36900
32250
36900
32250
36900
32250
36900
32250
36900
32250
51530
51530
36900
51530
36900
51530
36900
32250
51530
36900
32250
36900
32250
36900
32250
36900
32250
36900
32250
36900
32250
36900
32250
51530
36900
51530
36900
51530
36900
32250
51530
36900
32250
43400
38750
43400
38750
43400
38750
43400
38750
43400
38750
43400
38750
38750
38750
43400
38750
43400
38750
43400
38750
43400
38750
43400
38750
43400
38750
43400
38750
38750
38750
43400
38750
43400
38750
43400
38750
43400
38750
43400
38750
43400
38750
38750
38750
43400
38750
43400
38750
43400
38750
43400
38750
43400
38750
43400
38750
38750
38750
43400
38750
43400
38750
43400
38750
43400
38750
43400
38750
43400
38750
38750
38750
43980
39330
43980
39330
43980
39330
43980
39330
43980
39330
43980
39330
43980
39330
39330
39330
43980
39330
43980
39330
43980
39330
43980
39330
43980
39330
43980
39330
39330
39330
43980
39330
43980
39330
43980
39330
43980
39330
43980
39330
43980
39330
39330
39330
43980
39330
43980
39330
43980
39330
43980
39330
43980
39330
43980
39330
39330
39330
43980
39330
43980
39330
43980
39330
43980
39330
43980
39330
43980
39330
39330
39330
44430
39780
44430
39780
44430
39780
44430
39780
44430
39780
44430
39780
44430
39780
39780
39780
44430
39780
44430
39780
44430
39780
44430
39780
44430
39780
44430
39780
44430
39780
39780
39780
44430
39780
44430
39780
44430
39780
44430
39780
44430
39780
44430
39780
39780
39780
44430
39780
44430
39780
44430
39780
44430
39780
44430
39780
39780
39780
44430
39780
44430
39780
44430
39780
44430
39780
44430
39780
44430
39780
39780
39780
44760
40110
44760
40110
44760
40110
44760
40110
44760
40110
44760
40110
44760
40110
40110
40110
44760
40110
44760
40110
44760
40110
44760
40110
44760
40110
44760
40110
44760
40110
40110
40110
44760
40110
44760
40110
44760
40110
44760
40110
44760
40110
44760
40110
40110
40110
44760
40110
44760
40110
44760
40110
44760
40110
44760
40110
44760
40110
40110
40110
44760
40110
44760
40110
44760
40110
44760
40110
44760
40110
40110
40110
44890
40240
44890
40240
44890
40240
44890
40240
44890
40240
44890
40240
44890
40240
40240
40240
44890
40240
44890
40240
44890
40240
44890
40240
44890
40240
44890
40240
44890
40240
40240
40240
44890
40240
44890
40240
44890
40240
44890
40240
44890
40240
40240
40240
44890
40240
44890
40240
44890
40240
44890
40240
44890
40240
44890
40240
40240
40240
44890
40240
44890
40240
44890
40240
44890
40240
44890
40240
44890
40240
40240
40240
1340
45660
41010
45660
41010
45660
41010
45660
41010
45660
41010
41010
41010
45660
41010
45660
41010
45660
41010
45660
41010
45660
41010
45660
41010
45660
41010
41010
41010
45660
41010
45660
41010
45660
41010
45660
41010
45660
41010
45660
41010
41010
41010
45660
41010
45660
41010
45660
41010
45660
41010
45660
41010
45660
41010
41010
41010
45660
41010
45660
41010
45660
41010
45660
41010
45660
41010
45660
41010
41010
41010
46730
42080
46730
42080
46730
42080
46730
42080
46730
42080
46730
42080
46730
42080
42080
42080
46730
42080
46730
42080
46730
42080
46730
42080
46730
42080
46730
42080
46730
42080
42080
42080
2410
46730
42080
46730
42080
46730
42080
46730
42080
42080
42080
46730
42080
46730
42080
46730
42080
46730
42080
46730
42080
46730
42080
42080
42080
46730
42080
46730
42080
46730
42080
46730
42080
46730
42080
46730
42080
42080
42080
46890
42240
46890
42240
46890
42240
46890
42240
46890
42240
46890
42240
46890
42240
42240
42240
46890
42240
46890
42240
46890
42240
46890
42240
46890
42240
46890
42240
46890
42240
42240
42240
46890
42240
46890
42240
46890
42240
46890
42240
46890
42240
46890
42240
42240
42240
46890
42240
46890
42240
46890
42240
46890
42240
46890
42240
46890
42240
42240
42240
2570
46890
42240
46890
42240
46890
42240
46890
42240
42240
42240
46900
42250
46900
42250
46900
42250
46900
42250
46900
42250
46900
42250
46900
42250
42250
42250
46900
42250
46900
42250
46900
42250
46900
42250
46900
42250
46900
42250
46900
42250
42250
42250
2580
46900
42250
46900
42250
46900
42250
46900
42250
46900
42250
42250
42250
2580
46900
42250
46900
42250
46900
42250
46900
42250
42250
42250
46900
42250
46900
42250
46900
42250
46900
42250
46900
42250
46900
42250
42250
42250
2830
47150
42500
47150
42500
47150
42500
47150
42500
47150
42500
47150
42500
42500
42500
2830
47150
42500
47150
42500
47150
42500
47150
42500
47150
42500
42500
42500
47150
42500
47150
42500
47150
42500
47150
42500
47150
42500
47150
42500
42500
42500
47150
42500
47150
42500
47150
42500
47150
42500
47150
42500
47150
42500
42500
42500
47150
42500
47150
42500
47150
42500
47150
42500
47150
42500
47150
42500
42500
42500
3830
3830
48150
43500
48150
43500
48150
43500
48150
43500
43500
43500
48150
43500
48150
43500
48150
43500
48150
43500
48150
43500
48150
43500
48150
43500
43500
43500
48150
43500
48150
43500
48150
43500
48150
43500
48150
43500
48150
43500
43500
43500
48150
43500
48150
43500
48150
43500
48150
43500
48150
43500
48150
43500
43500
43500
48150
43500
48150
43500
48150
43500
48150
43500
48150
43500
48150
43500
43500
43500
4660
4660
48980
44330
48980
44330
48980
44330
48980
44330
48980
44330
44330
44330
4660
4660
48980
44330
48980
44330
48980
44330
48980
44330
48980
44330
44330
44330
4660
4660
48980
44330
48980
44330
48980
44330
44330
44330
48980
44330
48980
44330
48980
44330
48980
44330
48980
44330
48980
44330
44330
44330
48980
44330
48980
44330
48980
44330
48980
44330
48980
44330
48980
44330
44330
44330
49110
44460
49110
44460
49110
44460
49110
44460
49110
44460
49110
44460
49110
44460
44460
44460
49110
44460
49110
44460
49110
44460
49110
44460
49110
44460
49110
44460
49110
44460
44460
44460
49110
44460
49110
44460
49110
44460
49110
44460
49110
44460
49110
44460
44460
44460
49110
44460
49110
44460
49110
44460
49110
44460
49110
44460
49110
44460
44460
44460
4790
4790
49110
44460
49110
44460
49110
44460
44460
44460
49300
44650
49300
44650
49300
44650
49300
44650
49300
44650
49300
44650
49300
44650
44650
44650
49300
44650
49300
44650
49300
44650
49300
44650
49300
44650
49300
44650
49300
44650
44650
44650
4980
49300
44650
49300
44650
49300
44650
49300
44650
49300
44650
44650
44650
4980
4980
49300
44650
49300
44650
49300
44650
44650
44650
49300
44650
49300
44650
49300
44650
49300
44650
49300
44650
49300
44650
44650
44650
5010
5010
49330
44680
49330
44680
49330
44680
49330
44680
49330
44680
44680
44680
5010
5010
49330
44680
49330
44680
49330
44680
49330
44680
44680
44680
49330
44680
49330
44680
49330
44680
49330
44680
49330
44680
49330
44680
44680
44680
49330
44680
49330
44680
49330
44680
49330
44680
49330
44680
49330
44680
44680
44680
49330
44680
49330
44680
49330
44680
49330
44680
49330
44680
49330
44680
44680
44680
5720
5720
5720
50040
45390
50040
45390
50040
45390
45390
45390
50040
45390
50040
45390
50040
45390
50040
45390
50040
45390
50040
45390
50040
45390
45390
45390
50040
45390
50040
45390
50040
45390
50040
45390
50040
45390
50040
45390
45390
45390
50040
45390
50040
45390
50040
45390
50040
45390
50040
45390
50040
45390
45390
45390
50040
45390
50040
45390
50040
45390
50040
45390
50040
45390
50040
45390
45390
45390
50950
46300
50950
46300
50950
46300
50950
46300
50950
46300
50950
46300
50950
46300
46300
46300
50950
46300
50950
46300
50950
46300
50950
46300
50950
46300
50950
46300
50950
46300
46300
46300
6630
50950
46300
50950
46300
50950
46300
50950
46300
50950
46300
46300
46300
6630
6630
6630
50950
46300
50950
46300
50950
46300
46300
46300
6630
6630
6630
50950
46300
50950
46300
46300
46300
6750
6750
51070
46420
51070
46420
51070
46420
51070
46420
51070
46420
46420
46420
6750
6750
51070
46420
51070
46420
51070
46420
51070
46420
51070
46420
46420
46420
6750
6750
6750
51070
46420
51070
46420
46420
46420
51070
46420
51070
46420
51070
46420
51070
46420
51070
46420
51070
46420
46420
46420
51070
46420
51070
46420
51070
46420
51070
46420
51070
46420
51070
46420
46420
46420
6900
6900
6900
51220
46570
51220
46570
51220
46570
51220
46570
46570
46570
6900
6900
6900
51220
46570
51220
46570
51220
46570
46570
46570
51220
46570
51220
46570
51220
46570
51220
46570
51220
46570
51220
46570
46570
46570
51220
46570
51220
46570
51220
46570
51220
46570
51220
46570
51220
46570
46570
46570
51220
46570
51220
46570
51220
46570
51220
46570
51220
46570
51220
46570
46570
46570
7460
7460
51780
47130
51780
47130
51780
47130
51780
47130
51780
47130
47130
47130
7460
7460
51780
47130
51780
47130
51780
47130
51780
47130
51780
47130
47130
47130
7460
7460
7460
51780
47130
51780
47130
51780
47130
47130
47130
7460
7460
7460
51780
47130
51780
47130
47130
47130
51780
47130
51780
47130
51780
47130
51780
47130
51780
47130
51780
47130
47130
47130
7660
7660
7660
7660
51980
47330
51980
47330
47330
47330
51980
47330
51980
47330
51980
47330
51980
47330
51980
47330
51980
47330
51980
47330
47330
47330
51980
47330
51980
47330
51980
47330
51980
47330
51980
47330
51980
47330
47330
47330
51980
47330
51980
47330
51980
47330
51980
47330
51980
47330
51980
47330
47330
47330
51980
47330
51980
47330
51980
47330
51980
47330
51980
47330
51980
47330
47330
47330
9150
9150
9150
9150
53470
48820
53470
48820
53470
48820
48820
48820
9150
9150
9150
9150
53470
48820
53470
48820
48820
48820
53470
48820
53470
48820
53470
48820
53470
48820
53470
48820
53470
48820
48820
48820
53470
48820
53470
48820
53470
48820
53470
48820
53470
48820
53470
48820
48820
48820
53470
48820
53470
48820
53470
48820
53470
48820
53470
48820
53470
48820
48820
48820
53670
49020
53670
49020
53670
49020
53670
49020
53670
49020
53670
49020
53670
49020
49020
49020
53670
49020
53670
49020
53670
49020
53670
49020
53670
49020
53670
49020
53670
49020
49020
49020
9350
53670
49020
53670
49020
53670
49020
53670
49020
53670
49020
49020
49020
9350
9350
9350
53670
49020
53670
49020
53670
49020
49020
49020
9350
9350
9350
9350
53670
49020
49020
49020
9790
9790
9790
9790
9790
54110
49460
49460
49460
54110
49460
54110
49460
54110
49460
54110
49460
54110
49460
54110
49460
54110
49460
49460
49460
9790
54110
49460
54110
49460
54110
49460
54110
49460
54110
49460
49460
49460
9790
9790
9790
54110
49460
54110
49460
54110
49460
49460
49460
9790
9790
9790
9790
54110
49460
54110
49460
49460
49460
9970
9970
9970
9970
54290
49640
54290
49640
54290
49640
49640
49640
9970
9970
9970
9970
54290
49640
54290
49640
54290
49640
49640
49640
9970
9970
9970
9970
54290
49640
49640
49640
54290
49640
54290
49640
54290
49640
54290
49640
54290
49640
54290
49640
49640
49640
54290
49640
54290
49640
54290
49640
54290
49640
54290
49640
54290
49640
49640
49640
10060
10060
10060
54380
49730
54380
49730
54380
49730
54380
49730
49730
49730
10060
10060
10060
54380
49730
54380
49730
54380
49730
54380
49730
49730
49730
10060
10060
10060
10060
54380
49730
54380
49730
49730
49730
10060
10060
10060
10060
54380
49730
49730
49730
54380
49730
54380
49730
54380
49730
54380
49730
54380
49730
54380
49730
49730
49730
11290
11290
11290
11290
11290
55610
50960
55610
50960
50960
50960
11290
11290
11290
11290
11290
55610
50960
50960
50960
11290
55610
50960
55610
50960
55610
50960
55610
50960
55610
50960
50960
50960
11290
11290
11290
55610
50960
55610
50960
55610
50960
50960
50960
11290
11290
11290
11290
55610
50960
55610
50960
50960
50960
11450
11450
11450
55770
51120
55770
51120
55770
51120
55770
51120
51120
51120
11450
11450
11450
55770
51120
55770
51120
55770
51120
55770
51120
51120
51120
11450
11450
11450
11450
55770
51120
55770
51120
51120
51120
11450
11450
11450
11450
11450
55770
51120
51120
51120
11450
11450
11450
11450
11450
51120
51120
11730
11730
11730
11730
11730
11730
51400
51400
11730
11730
11730
56050
51400
56050
51400
56050
51400
56050
51400
51400
51400
11730
11730
11730
11730
56050
51400
56050
51400
51400
51400
11730
11730
11730
11730
56050
51400
56050
51400
51400
51400
11730
11730
11730
11730
11730
56050
51400
51400
51400
12160
12160
12160
12160
56480
51830
56480
51830
56480
51830
51830
51830
12160
12160
12160
12160
56480
51830
56480
51830
56480
51830
51830
51830
12160
12160
12160
12160
56480
51830
56480
51830
51830
51830
12160
12160
12160
12160
12160
51830
51830
56480
51830
56480
51830
56480
51830
56480
51830
56480
51830
56480
51830
51830
51830
12270
12270
12270
12270
12270
56590
51940
56590
51940
51940
51940
12270
12270
12270
12270
12270
56590
51940
56590
51940
51940
51940
12270
12270
12270
12270
12270
51940
51940
12270
12270
12270
56590
51940
56590
51940
56590
51940
51940
51940
12270
12270
12270
12270
56590
51940
56590
51940
51940
51940
13340
13340
13340
13340
13340
13340
57660
53010
53010
53010
13340
13340
13340
13340
13340
13340
53010
53010
13340
57660
53010
57660
53010
57660
53010
57660
53010
57660
53010
53010
53010
13340
13340
13340
57660
53010
57660
53010
57660
53010
53010
53010
13340
13340
13340
13340
57660
53010
57660
53010
53010
53010
13890
13890
13890
13890
13890
13890
13890
53560
13890
13890
13890
58210
53560
58210
53560
58210
53560
58210
53560
53560
53560
13890
13890
13890
13890
58210
53560
58210
53560
53560
53560
13890
13890
13890
13890
13890
58210
53560
53560
53560
13890
13890
13890
13890
13890
58210
53560
53560
53560
14380
14380
14380
14380
14380
58700
54050
58700
54050
54050
54050
14380
14380
14380
14380
14380
58700
54050
58700
54050
54050
54050
14380
14380
14380
14380
14380
58700
54050
54050
54050
14380
14380
14380
14380
14380
14380
54050
14380
14380
14380
14380
58700
54050
58700
54050
54050
54050
14520
14520
14520
14520
58840
54190
58840
54190
58840
54190
54190
54190
14520
14520
14520
14520
58840
54190
58840
54190
58840
54190
54190
54190
14520
14520
14520
14520
58840
54190
58840
54190
54190
54190
14520
14520
14520
14520
14520
58840
54190
54190
54190
14520
14520
14520
14520
14520
14520
54190
15070
15070
15070
15070
15070
15070
59390
54740
54740
54740
15070
15070
15070
15070
15070
15070
15070
54740
54740
15070
15070
15070
15070
15070
15070
54740
15070
15070
15070
59390
54740
59390
54740
59390
54740
54740
54740
15070
15070
15070
15070
59390
54740
59390
54740
54740
54740
15370
15370
15370
15370
15370
15370
15370
55040
55040
15370
15370
15370
15370
15370
15370
15370
55040
15370
15370
15370
15370
59690
55040
59690
55040
55040
55040
15370
15370
15370
15370
15370
59690
55040
55040
55040
15370
15370
15370
15370
15370
59690
55040
55040
55040
15970
15970
15970
15970
15970
15970
15970
15970
15970
15970
15970
15970
60290
55640
60290
55640
60290
55640
55640
55640
15970
15970
15970
15970
60290
55640
60290
55640
55640
55640
15970
15970
15970
15970
15970
60290
55640
55640
55640
15970
15970
15970
15970
15970
15970
55640
55640
16500
16500
16500
16500
16500
60820
56170
60820
56170
56170
56170
16500
16500
16500
16500
16500
60820
56170
60820
56170
56170
56170
16500
16500
16500
16500
16500
60820
56170
56170
56170
16500
16500
16500
16500
16500
16500
16500
56170
16500
16500
16500
16500
16500
16500
16500
16610
16610
16610
16610
16610
60930
56280
60930
56280
56280
56280
16610
16610
16610
16610
16610
60930
56280
60930
56280
56280
56280
16610
16610
16610
16610
16610
60930
56280
56280
56280
16610
16610
16610
16610
16610
16610
16610
16610
16610
16610
16610
60930
56280
60930
56280
56280
56280
17200
17200
17200
17200
17200
17200
17200
17200
56870
17200
17200
17200
17200
17200
17200
17200
17200
17200
17200
17200
17200
61520
56870
61520
56870
56870
56870
17200
17200
17200
17200
17200
61520
56870
56870
56870
17200
17200
17200
17200
17200
17200
56870
56870
17790
17790
17790
17790
17790
17790
62110
57460
57460
57460
17790
17790
17790
17790
17790
17790
17790
57460
57460
17790
17790
17790
17790
17790
17790
17790
17790
17790
17790
62110
57460
62110
57460
62110
57460
57460
57460
17790
17790
17790
17790
62110
57460
62110
57460
57460
57460
18100
18100
18100
18100
18100
18100
18100
18100
18100
18100
18100
18100
18100
62420
57770
62420
57770
62420
57770
57770
57770
18100
18100
18100
18100
62420
57770
62420
57770
57770
57770
18100
18100
18100
18100
18100
62420
57770
57770
57770
18100
18100
18100
18100
18100
18100
57770
57770
18850
18850
18850
18850
18850
18850
63170
58520
58520
58520
18850
18850
18850
18850
18850
18850
18850
58520
58520
18850
18850
18850
18850
18850
18850
18850
58520
18850
18850
18850
18850
18850
18850
18850
18850
18850
18850
18850
18850
63170
58520
63170
58520
58520
58520
18890
18890
18890
18890
18890
63210
58560
63210
58560
58560
58560
18890
18890
18890
18890
18890
63210
58560
63210
58560
58560
58560
18890
18890
18890
18890
18890
63210
58560
58560
58560
18890
18890
18890
18890
18890
18890
18890
58560
18890
18890
18890
18890
18890
18890
18890
18890
19210
19210
19210
19210
19210
19210
19210
19210
19210
19210
19210
19210
19210
19210
19210
19210
19210
19210
19210
19210
19210
19210
63530
58880
63530
58880
58880
58880
19210
19210
19210
19210
19210
63530
58880
58880
58880
19210
19210
19210
19210
19210
19210
58880
58880
19890
19890
19890
19890
19890
19890
19890
19890
59560
19890
19890
19890
19890
19890
19890
19890
19890
19890
19890
19890
19890
19890
19890
19890
19890
19890
480
19890
19890
19890
19890
19890
64210
59560
59560
59560
19890
19890
19890
19890
19890
19890
59560
59560
20810
20810
20810
20810
20810
20810
65130
60480
60480
60480
20810
20810
20810
20810
20810
20810
20810
60480
60480
20810
20810
20810
20810
20810
20810
20810
60480
20810
20810
20810
20810
20810
20810
20810
20810
20810
1400
20810
20810
20810
20810
65130
60480
65130
60480
60480
60480
21000
21000
21000
21000
21000
65320
60670
65320
60670
60670
60670
21000
21000
21000
21000
21000
65320
60670
65320
60670
60670
60670
21000
21000
21000
21000
21000
65320
60670
60670
60670
21000
21000
21000
21000
21000
21000
21000
60670
21000
21000
21000
21000
21000
21000
21000
21000
21000
1590
22330
22330
22330
22330
22330
22330
22330
22330
62000
22330
22330
22330
22330
22330
22330
22330
22330
22330
22330
22330
22330
22330
22330
22330
22330
22330
2920
22330
2920
22330
22330
22330
22330
22330
66650
62000
62000
62000
22330
22330
22330
22330
22330
22330
62000
62000
28830
28830
28830
28830
28830
28830
28830
28830
28830
9420
28830
28830
28830
28830
28830
28830
28830
28830
28830
28830
9420
28830
28830
28830
28830
28830
28830
28830
28830
9420
28830
9420
28830
9420
28830
28830
28830
28830
28830
28830
28830
28830
28830
9420
28830
9420
28830
28830
28830
28830
28830
28830
28830
28830
28830
9420
28830
9420
29410
29410
29410
29410
29410
29410
29410
29410
29410
29410
10000
29410
29410
29410
29410
29410
29410
29410
29410
29410
10000
29410
29410
29410
29410
29410
29410
29410
29410
10000
29410
10000
29410
10000
29410
29410
29410
29410
29410
29410
29410
29410
29410
10000
29410
10000
29410
29410
29410
29410
29410
29410
29410
29410
29410
10000
29410
10000
29860
29860
29860
29860
29860
29860
29860
29860
29860
29860
10450
29860
29860
29860
29860
29860
29860
29860
29860
29860
29860
10450
29860
29860
29860
29860
29860
29860
29860
29860
10450
29860
10450
29860
10450
29860
29860
29860
29860
29860
29860
29860
29860
10450
29860
10450
29860
29860
29860
29860
29860
29860
29860
29860
29860
10450
29860
10450
30190
30190
30190
30190
30190
30190
30190
30190
30190
30190
10780
30190
30190
30190
30190
30190
30190
30190
30190
30190
30190
10780
30190
30190
30190
30190
30190
30190
30190
30190
10780
30190
10780
30190
10780
30190
30190
30190
30190
30190
30190
30190
30190
30190
10780
30190
10780
30190
30190
30190
30190
30190
30190
30190
30190
10780
30190
10780
30320
30320
30320
30320
30320
30320
30320
30320
30320
30320
10910
30320
30320
30320
30320
30320
30320
30320
30320
30320
30320
10910
30320
30320
30320
30320
30320
30320
30320
10910
30320
10910
30320
10910
30320
30320
30320
30320
30320
30320
30320
30320
30320
10910
30320
10910
30320
30320
30320
30320
30320
30320
30320
30320
30320
10910
30320
10910
11680
31090
31090
31090
31090
31090
31090
31090
31090
11680
31090
31090
31090
31090
31090
31090
31090
31090
31090
31090
11680
31090
31090
31090
31090
31090
31090
31090
31090
11680
31090
11680
31090
11680
31090
31090
31090
31090
31090
31090
31090
31090
31090
11680
31090
11680
31090
31090
31090
31090
31090
31090
31090
31090
31090
11680
31090
11680
32160
32160
32160
32160
32160
32160
32160
32160
32160
32160
12750
32160
32160
32160
32160
32160
32160
32160
32160
32160
32160
12750
12750
32160
32160
32160
32160
32160
32160
12750
32160
12750
32160
12750
32160
32160
32160
32160
32160
32160
32160
32160
32160
12750
32160
12750
32160
32160
32160
32160
32160
32160
32160
32160
32160
12750
32160
12750
32320
32320
32320
32320
32320
32320
32320
32320
32320
32320
12910
32320
32320
32320
32320
32320
32320
32320
32320
32320
32320
12910
32320
32320
32320
32320
32320
32320
32320
32320
12910
32320
12910
32320
12910
32320
32320
32320
32320
32320
32320
32320
32320
32320
12910
32320
12910
12910
32320
32320
32320
32320
32320
32320
32320
12910
32320
12910
32330
32330
32330
32330
32330
32330
32330
32330
32330
32330
12920
32330
32330
32330
32330
32330
32330
32330
32330
32330
32330
12920
12920
32330
32330
32330
32330
32330
32330
32330
12920
32330
12920
32330
12920
12920
32330
32330
32330
32330
32330
32330
32330
12920
32330
12920
32330
32330
32330
32330
32330
32330
32330
32330
32330
12920
32330
12920
13170
32580
32580
32580
32580
32580
32580
32580
32580
32580
13170
13170
32580
32580
32580
32580
32580
32580
32580
32580
13170
32580
32580
32580
32580
32580
32580
32580
32580
13170
32580
13170
32580
13170
32580
32580
32580
32580
32580
32580
32580
32580
32580
13170
32580
13170
32580
32580
32580
32580
32580
32580
32580
32580
32580
13170
32580
13170
14170
14170
33580
33580
33580
33580
33580
33580
33580
14170
33580
33580
33580
33580
33580
33580
33580
33580
33580
33580
14170
33580
33580
33580
33580
33580
33580
33580
33580
14170
33580
14170
33580
14170
33580
33580
33580
33580
33580
33580
33580
33580
33580
14170
33580
14170
33580
33580
33580
33580
33580
33580
33580
33580
33580
14170
33580
14170
15000
15000
34410
34410
34410
34410
34410
34410
34410
34410
15000
15000
15000
34410
34410
34410
34410
34410
34410
34410
34410
15000
15000
15000
34410
34410
34410
34410
34410
15000
34410
15000
34410
15000
34410
34410
34410
34410
34410
34410
34410
34410
34410
15000
34410
15000
34410
34410
34410
34410
34410
34410
34410
34410
34410
15000
34410
15000
34540
34540
34540
34540
34540
34540
34540
34540
34540
34540
15130
34540
34540
34540
34540
34540
34540
34540
34540
34540
34540
15130
34540
34540
34540
34540
34540
34540
34540
34540
15130
34540
15130
34540
15130
34540
34540
34540
34540
34540
34540
34540
34540
34540
15130
34540
15130
15130
15130
34540
34540
34540
34540
34540
34540
15130
34540
15130
34730
34730
34730
34730
34730
34730
34730
34730
34730
34730
15320
34730
34730
34730
34730
34730
34730
34730
34730
34730
34730
15320
15320
34730
34730
34730
34730
34730
34730
34730
15320
34730
15320
34730
15320
15320
15320
34730
34730
34730
34730
34730
34730
15320
34730
15320
34730
34730
34730
34730
34730
34730
34730
34730
34730
15320
34730
15320
15350
15350
34760
34760
34760
34760
34760
34760
34760
34760
15350
15350
15350
34760
34760
34760
34760
34760
34760
34760
15350
34760
34760
34760
34760
34760
34760
34760
34760
15350
34760
15350
34760
15350
34760
34760
34760
34760
34760
34760
34760
34760
34760
15350
34760
15350
34760
34760
34760
34760
34760
34760
34760
34760
34760
15350
34760
15350
16060
16060
16060
35470
35470
35470
35470
35470
35470
16060
35470
35470
35470
35470
35470
35470
35470
35470
35470
35470
16060
35470
35470
35470
35470
35470
35470
35470
35470
16060
35470
16060
35470
16060
35470
35470
35470
35470
35470
35470
35470
35470
35470
16060
35470
16060
35470
35470
35470
35470
35470
35470
35470
35470
35470
16060
35470
16060
36380
36380
36380
36380
36380
36380
36380
36380
36380
36380
16970
36380
36380
36380
36380
36380
36380
36380
36380
36380
36380
16970
16970
36380
36380
36380
36380
36380
36380
36380
16970
36380
16970
36380
16970
16970
16970
16970
36380
36380
36380
36380
36380
36380
16970
36380
16970
16970
16970
16970
36380
36380
36380
36380
36380
16970
36380
16970
17090
17090
36500
36500
36500
36500
36500
36500
36500
36500
17090
17090
17090
36500
36500
36500
36500
36500
36500
36500
36500
17090
17090
17090
17090
36500
36500
36500
36500
17090
36500
17090
36500
17090
36500
36500
36500
36500
36500
36500
36500
36500
36500
17090
36500
17090
36500
36500
36500
36500
36500
36500
36500
36500
36500
17090
36500
17090
17240
17240
17240
36650
36650
36650
36650
36650
36650
36650
17240
17240
17240
17240
36650
36650
36650
36650
36650
36650
17240
36650
36650
36650
36650
36650
36650
36650
36650
17240
36650
17240
36650
17240
36650
36650
36650
36650
36650
36650
36650
36650
36650
17240
36650
17240
36650
36650
36650
36650
36650
36650
36650
36650
36650
17240
36650
17240
17800
17800
37210
37210
37210
37210
37210
37210
37210
37210
17800
17800
17800
37210
37210
37210
37210
37210
37210
37210
37210
17800
17800
17800
17800
37210
37210
37210
37210
37210
17800
37210
17800
37210
17800
17800
17800
17800
37210
37210
37210
37210
37210
17800
37210
17800
37210
37210
37210
37210
37210
37210
37210
37210
37210
17800
37210
17800
18000
18000
18000
18000
37410
37410
37410
37410
37410
18000
37410
37410
37410
37410
37410
37410
37410
37410
37410
37410
18000
37410
37410
37410
37410
37410
37410
37410
37410
18000
37410
18000
37410
18000
37410
37410
37410
37410
37410
37410
37410
37410
37410
18000
37410
18000
37410
37410
37410
37410
37410
37410
37410
37410
37410
18000
37410
18000
19490
19490
19490
19490
38900
38900
38900
38900
38900
38900
19490
19490
19490
19490
19490
980
38900
38900
38900
38900
38900
19490
38900
38900
38900
38900
38900
38900
38900
38900
19490
38900
19490
38900
19490
38900
38900
38900
38900
38900
38900
38900
38900
38900
19490
38900
19490
38900
38900
38900
38900
38900
38900
38900
38900
38900
19490
38900
19490
39100
39100
39100
39100
39100
39100
39100
39100
39100
39100
19690
39100
39100
39100
39100
39100
39100
39100
39100
39100
39100
19690
19690
39100
39100
39100
39100
39100
39100
39100
19690
39100
19690
39100
19690
19690
19690
19690
39100
39100
39100
39100
39100
39100
19690
39100
19690
19690
19690
19690
19690
1180
39100
39100
39100
39100
19690
39100
19690
20130
20130
20130
20130
20130
1620
39540
39540
39540
39540
20130
39540
39540
39540
39540
39540
39540
39540
39540
39540
39540
20130
20130
39540
39540
39540
39540
39540
39540
39540
20130
39540
20130
39540
20130
20130
20130
20130
39540
39540
39540
39540
39540
39540
20130
39540
20130
20130
20130
20130
20130
39540
39540
39540
39540
39540
20130
39540
20130
20310
20310
20310
20310
39720
39720
39720
39720
39720
39720
20310
20310
20310
20310
20310
1800
39720
39720
39720
39720
39720
39720
20310
20310
20310
20310
20310
1800
39720
39720
39720
20310
39720
20310
39720
20310
39720
39720
39720
39720
39720
39720
39720
39720
39720
20310
39720
20310
39720
39720
39720
39720
39720
39720
39720
39720
39720
20310
39720
20310
20400
20400
20400
39810
39810
39810
39810
39810
39810
39810
20400
20400
20400
20400
39810
39810
39810
39810
39810
39810
39810
20400
20400
20400
20400
20400
39810
39810
39810
39810
20400
39810
20400
39810
20400
20400
20400
20400
20400
1890
39810
39810
39810
39810
20400
39810
20400
39810
39810
39810
39810
39810
39810
39810
39810
39810
20400
39810
20400
21630
21630
21630
21630
21630
3120
41040
41040
41040
41040
41040
21630
21630
21630
21630
21630
3120
21630
3120
41040
41040
41040
41040
21630
21630
41040
41040
41040
41040
41040
41040
41040
21630
41040
21630
41040
21630
21630
21630
21630
41040
41040
41040
41040
41040
41040
21630
41040
21630
21630
21630
21630
21630
41040
41040
41040
41040
41040
21630
41040
21630
21790
21790
21790
41200
41200
41200
41200
41200
41200
41200
21790
21790
21790
21790
41200
41200
41200
41200
41200
41200
41200
21790
21790
21790
21790
21790
41200
41200
41200
41200
21790
41200
21790
41200
21790
21790
21790
21790
21790
3280
21790
3280
41200
41200
41200
41200
21790
41200
21790
21790
21790
21790
21790
3280
21790
3280
41200
41200
41200
21790
41200
21790
22070
22070
22070
22070
22070
3560
22070
3560
41480
41480
41480
22070
22070
22070
22070
41480
41480
41480
41480
41480
41480
41480
22070
22070
22070
22070
22070
41480
41480
41480
41480
22070
41480
22070
41480
22070
22070
22070
22070
22070
3560
41480
41480
41480
41480
41480
22070
41480
22070
22070
22070
22070
22070
3560
22070
3560
41480
41480
41480
41480
22070
41480
22070
22500
22500
22500
22500
41910
41910
41910
41910
41910
41910
22500
22500
22500
22500
22500
3990
41910
41910
41910
41910
41910
41910
22500
22500
22500
22500
22500
3990
41910
41910
41910
41910
22500
41910
22500
41910
22500
22500
22500
22500
22500
3990
22500
3990
380
41910
41910
41910
22500
41910
22500
41910
41910
41910
41910
41910
41910
41910
41910
41910
22500
41910
22500
22610
22610
22610
22610
22610
4100
42020
42020
42020
42020
42020
22610
22610
22610
22610
22610
4100
22610
4100
42020
42020
42020
42020
42020
22610
22610
22610
22610
22610
4100
22610
4100
42020
42020
22610
42020
22610
42020
22610
22610
22610
22610
42020
42020
42020
42020
42020
42020
22610
42020
22610
22610
22610
22610
22610
42020
42020
42020
42020
42020
22610
42020
22610
23680
23680
23680
23680
23680
5170
23680
5170
43090
43090
43090
43090
23680
23680
23680
23680
23680
5170
23680
5170
23680
5170
1560
1370
43090
43090
43090
23680
23680
43090
43090
43090
43090
43090
43090
43090
23680
43090
23680
43090
23680
23680
23680
23680
43090
43090
43090
43090
43090
43090
23680
43090
23680
23680
23680
23680
23680
43090
43090
43090
43090
43090
23680
43090
23680
24230
24230
24230
24230
24230
5720
24230
5720
24230
5720
2110
1920
43640
43640
24230
24230
24230
24230
43640
43640
43640
43640
43640
43640
43640
24230
24230
24230
24230
24230
43640
43640
43640
43640
24230
43640
24230
43640
24230
24230
24230
24230
24230
5720
24230
5720
43640
43640
43640
43640
24230
43640
24230
24230
24230
24230
24230
5720
24230
5720
43640
43640
43640
43640
24230
43640
24230
24720
24720
24720
24720
24720
6210
44130
44130
44130
44130
44130
24720
24720
24720
24720
24720
6210
24720
6210
44130
44130
44130
44130
44130
24720
24720
24720
24720
24720
6210
24720
6210
44130
44130
44130
24720
44130
24720
44130
24720
24720
24720
24720
24720
6210
24720
6210
2600
24720
6210
2600
2410
44130
44130
24720
44130
24720
24720
24720
24720
24720
44130
44130
44130
44130
44130
24720
44130
24720
24860
24860
24860
24860
44270
44270
44270
44270
44270
44270
24860
24860
24860
24860
24860
6350
44270
44270
44270
44270
44270
44270
24860
24860
24860
24860
24860
6350
44270
44270
44270
44270
24860
44270
24860
44270
24860
24860
24860
24860
24860
6350
24860
6350
2740
44270
44270
44270
44270
24860
44270
24860
24860
24860
24860
24860
6350
24860
6350
24860
6350
2740
2550
44270
44270
24860
44270
24860
25410
25410
25410
25410
25410
6900
25410
6900
44820
44820
44820
44820
25410
25410
25410
25410
25410
6900
25410
6900
25410
6900
3290
3100
25410
6900
3290
3100
44820
44820
44820
25410
25410
25410
25410
25410
6900
25410
6900
25410
6900
3290
3100
44820
25410
44820
25410
44820
25410
25410
25410
25410
44820
44820
44820
44820
44820
44820
25410
44820
25410
25410
25410
25410
25410
44820
44820
44820
44820
44820
25410
44820
25410
25710
25710
25710
25710
25710
7200
25710
7200
25710
7200
3590
3400
45120
45120
45120
25710
25710
25710
25710
25710
7200
25710
7200
25710
7200
3590
3400
25710
7200
3590
3400
45120
45120
25710
25710
25710
25710
25710
45120
45120
45120
45120
25710
45120
25710
45120
25710
25710
25710
25710
25710
7200
25710
7200
45120
45120
45120
45120
25710
45120
25710
25710
25710
25710
25710
7200
25710
7200
45120
45120
45120
45120
25710
45120
25710
26310
26310
26310
26310
26310
7800
26310
7800
26310
7800
4190
4000
26310
7800
4190
4000
45720
26310
26310
26310
26310
26310
7800
45720
45720
45720
45720
45720
45720
26310
26310
26310
26310
26310
7800
45720
45720
45720
45720
26310
45720
26310
45720
26310
26310
26310
26310
26310
7800
26310
7800
4190
45720
45720
45720
45720
26310
45720
26310
26310
26310
26310
26310
7800
26310
7800
26310
7800
4190
4000
45720
45720
45720
26310
45720
26310
26840
26840
26840
26840
26840
8330
46250
46250
46250
46250
46250
26840
26840
26840
26840
26840
8330
26840
8330
46250
46250
46250
46250
46250
26840
26840
26840
26840
26840
8330
26840
8330
46250
46250
46250
26840
46250
26840
46250
26840
26840
26840
26840
26840
8330
26840
8330
4720
26840
8330
4720
4530
26840
8330
4720
4530
46250
46250
26840
46250
26840
26840
26840
26840
26840
8330
26840
8330
26840
8330
4720
4530
26840
8330
4720
4530
46250
26840
46250
26840
26950
26950
26950
26950
26950
8440
46360
46360
46360
46360
46360
26950
26950
26950
26950
26950
8440
26950
8440
46360
46360
46360
46360
46360
26950
26950
26950
26950
26950
8440
26950
8440
46360
46360
46360
26950
46360
26950
46360
26950
26950
26950
26950
26950
8440
26950
8440
4830
26950
8440
4830
4640
26950
8440
4830
4640
46360
26950
46360
26950
26950
26950
26950
26950
46360
46360
46360
46360
46360
26950
46360
26950
27540
27540
27540
27540
27540
9030
27540
9030
27540
9030
5420
5230
27540
9030
5420
5230
46950
46950
27540
27540
27540
27540
27540
9030
27540
9030
27540
9030
5420
5230
27540
9030
5420
5230
27540
9030
5420
5230
46950
27540
27540
27540
27540
27540
9030
46950
46950
46950
46950
27540
46950
27540
46950
27540
27540
27540
27540
27540
9030
27540
9030
5420
46950
46950
46950
46950
27540
46950
27540
27540
27540
27540
27540
9030
27540
9030
27540
9030
5420
5230
46950
46950
46950
27540
46950
27540
28130
28130
28130
28130
28130
9620
28130
9620
47540
47540
47540
47540
28130
28130
28130
28130
28130
9620
28130
9620
28130
9620
6010
5820
28130
9620
6010
5820
47540
47540
47540
28130
28130
28130
28130
28130
9620
28130
9620
28130
9620
6010
5820
28130
9620
6010
5820
47540
28130
47540
28130
28130
28130
28130
47540
47540
47540
47540
47540
47540
28130
47540
28130
28130
28130
28130
28130
47540
47540
47540
47540
47540
28130
47540
28130
28440
28440
28440
28440
28440
9930
28440
9930
28440
9930
6320
6130
28440
9930
6320
6130
28440
9930
6320
6130
28440
28440
28440
28440
9930
47850
47850
47850
47850
47850
47850
28440
28440
28440
28440
28440
9930
47850
47850
47850
47850
28440
47850
28440
47850
28440
28440
28440
28440
28440
9930
28440
9930
6320
47850
47850
47850
47850
28440
47850
28440
28440
28440
28440
28440
9930
28440
9930
28440
9930
6320
6130
47850
47850
47850
28440
47850
28440
29190
29190
29190
29190
29190
10680
29190
10680
48600
48600
48600
48600
29190
29190
29190
29190
29190
10680
29190
10680
29190
10680
7070
6880
29190
10680
7070
6880
48600
48600
48600
29190
29190
29190
29190
29190
10680
29190
10680
29190
10680
7070
6880
29190
10680
7070
6880
48600
29190
48600
29190
48600
29190
29190
29190
29190
29190
10680
29190
10680
7070
29190
10680
7070
6880
29190
10680
7070
6880
29190
10680
7070
6880
48600
29190
29190
29190
29190
29190
48600
48600
48600
48600
48600
29190
48600
29190
29230
29230
29230
29230
29230
10720
48640
48640
48640
48640
48640
29230
29230
29230
29230
29230
10720
29230
10720
48640
48640
48640
48640
48640
29230
29230
29230
29230
29230
10720
29230
10720
48640
48640
48640
29230
48640
29230
48640
29230
29230
29230
29230
29230
10720
29230
10720
7110
29230
10720
7110
6920
29230
10720
7110
6920
48640
48640
29230
48640
29230
29230
29230
29230
29230
10720
29230
10720
29230
10720
7110
6920
29230
10720
7110
6920
29230
10720
7110
6920
48640
29230
29550
29550
29550
29550
29550
11040
29550
11040
29550
11040
7430
7240
29550
11040
7430
7240
29550
11040
7430
7240
48960
29550
29550
29550
29550
29550
11040
29550
11040
29550
11040
7430
7240
29550
11040
7430
7240
29550
11040
7430
7240
29550
11040
7430
7240
29550
29550
29550
29550
11040
48960
48960
48960
48960
29550
48960
29550
48960
29550
29550
29550
29550
29550
11040
29550
11040
7430
48960
48960
48960
48960
29550
48960
29550
29550
29550
29550
29550
11040
29550
11040
29550
11040
7430
7240
48960
48960
48960
29550
48960
29550
30230
30230
30230
30230
30230
11720
30230
11720
30230
11720
8110
7920
30230
11720
8110
7920
49640
49640
30230
30230
30230
30230
30230
11720
30230
11720
30230
11720
8110
7920
30230
11720
8110
7920
30230
11720
8110
7920
30230
11720
8110
7920
49640
30230
30230
30230
30230
30230
11720
30230
11720
30230
11720
8110
7920
30230
11720
8110
7920
11720
8110
7920
49640
30230
30230
30230
30230
30230
11720
30230
11720
8110
49640
49640
49640
49640
30230
49640
30230
30230
30230
30230
30230
11720
30230
11720
30230
11720
8110
7920
49640
49640
49640
30230
49640
30230
31150
31150
31150
31150
31150
12640
31150
12640
50560
50560
50560
50560
31150
31150
31150
31150
31150
12640
31150
12640
31150
12640
9030
8840
31150
12640
9030
8840
50560
50560
50560
31150
31150
31150
31150
31150
12640
31150
12640
31150
12640
9030
8840
31150
12640
9030
8840
50560
31150
50560
31150
50560
31150
31150
31150
31150
31150
12640
31150
12640
9030
31150
12640
9030
8840
31150
12640
9030
8840
31150
12640
9030
8840
12640
9030
8840
31150
31150
31150
31150
50560
50560
50560
50560
50560
31150
50560
31150
31340
31340
31340
31340
31340
12830
50750
50750
50750
50750
50750
31340
31340
31340
31340
31340
12830
31340
12830
50750
50750
50750
50750
50750
31340
31340
31340
31340
31340
12830
31340
12830
50750
50750
50750
31340
50750
31340
50750
31340
31340
31340
31340
31340
12830
31340
12830
9220
31340
12830
9220
9030
31340
12830
9220
9030
50750
50750
31340
50750
31340
31340
31340
31340
31340
12830
31340
12830
31340
12830
9220
9030
31340
12830
9220
9030
31340
12830
9220
9030
12830
9220
9030
32670
32670
32670
32670
32670
14160
32670
14160
32670
14160
10550
10360
32670
14160
10550
10360
52080
52080
32670
32670
32670
32670
32670
14160
32670
14160
32670
14160
10550
10360
32670
14160
10550
10360
32670
14160
10550
10360
32670
14160
10550
10360
52080
32670
32670
32670
32670
32670
14160
32670
14160
32670
14160
10550
10360
32670
14160
10550
10360
14160
10550
10360
14160
10550
10360
32670
32670
32670
32670
14160
32670
14160
10550
52080
52080
52080
52080
32670
52080
32670
32670
32670
32670
32670
14160
32670
14160
32670
14160
10550
10360
52080
52080
52080
32670
52080
32670
