7.572222
7.572222
7.572222
7.572222
7.572222
7.572222
7.572222
7.572222
7.572222
7.572222
7.572222
7.572222
7.572222
7.572222
7.572222
7.572222
7.572222
7.572222
7.572222
7.572222
7.572222
7.572222
7.572222
7.572222
7.572222
7.572222
7.572222
7.572222
7.572222
7.572222
7.572222
7.572222
7.572222
7.572222
7.572222
7.572222
7.572222
7.572222
7.572222
7.572222
7.572222
7.572222
7.572222
7.572222
7.572222
7.572222
7.572222
7.572222
7.263889
7.263889
7.263889
7.263889
7.263889
7.263889
7.263889
3.741667
7.263889
3.741667
3.386111
7.263889
3.741667
3.386111
15.836111
7.263889
7.263889
7.263889
7.263889
7.263889
7.263889
7.263889
3.741667
3.386111
7.263889
3.741667
3.386111
7.263889
3.741667
3.386111
7.263889
7.263889
7.263889
7.263889
7.263889
7.263889
3.741667
3.386111
7.263889
3.741667
3.386111
7.263889
3.741667
3.386111
7.263889
3.741667
3.386111
7.263889
7.263889
7.263889
7.263889
7.263889
7.263889
3.741667
7.263889
3.741667
3.386111
7.263889
3.741667
3.386111
7.263889
3.741667
3.386111
7.263889
7.263889
7.263889
7.263889
7.263889
7.263889
3.741667
7.263889
3.741667
3.386111
7.263889
3.741667
3.386111
7.263889
3.741667
3.386111
12.005556
11.650000
12.005556
11.650000
12.005556
11.650000
12.005556
11.650000
12.005556
11.650000
5.330556
12.005556
11.650000
5.330556
11.650000
5.330556
5.330556
5.330556
15.527778
12.005556
11.650000
12.005556
11.650000
12.005556
11.650000
12.005556
11.650000
12.005556
11.650000
5.330556
12.005556
11.650000
5.330556
12.005556
11.650000
5.330556
5.330556
5.330556
5.330556
15.527778
12.005556
11.650000
12.005556
11.650000
12.005556
11.650000
12.005556
11.650000
12.005556
11.650000
5.330556
12.005556
11.650000
5.330556
5.330556
5.330556
5.330556
5.330556
15.527778
12.005556
11.650000
12.005556
11.650000
12.005556
11.650000
12.005556
11.650000
12.005556
11.650000
5.330556
12.005556
11.650000
5.330556
11.650000
5.330556
5.330556
5.330556
5.330556
15.527778
12.005556
11.650000
12.005556
11.650000
12.005556
11.650000
12.005556
11.650000
12.005556
11.650000
5.330556
12.005556
11.650000
5.330556
11.650000
5.330556
5.330556
5.330556
5.330556
13.594444
13.594444
13.594444
13.594444
13.594444
13.594444
13.594444
13.594444
13.594444
13.594444
13.594444
13.594444
13.594444
13.594444
13.594444
13.594444
13.594444
13.594444
13.594444
13.594444
6.200000
6.200000
6.200000
6.200000
6.200000
6.200000
6.200000
6.200000
6.200000
6.200000
6.200000
6.200000
6.200000
6.200000
6.200000
6.200000
6.200000
6.200000
6.200000
6.200000
6.200000
6.200000
6.200000
6.200000
6.200000
6.200000
6.200000
6.200000
6.200000
6.200000
6.200000
6.200000
6.200000
6.200000
6.200000
6.200000
6.200000
6.200000
14.463889
14.463889
6.688889
6.688889
6.688889
6.688889
6.688889
6.688889
6.688889
6.688889
14.463889
14.463889
6.688889
6.688889
6.688889
6.688889
6.688889
6.688889
6.688889
6.688889
14.463889
14.463889
14.463889
6.688889
6.688889
6.688889
6.688889
6.688889
6.688889
6.688889
6.688889
14.463889
14.463889
6.688889
6.688889
6.688889
6.688889
6.688889
6.688889
6.688889
6.688889
14.463889
14.463889
6.688889
6.688889
6.688889
6.688889
6.688889
6.688889
6.688889
6.688889
14.952778
7.213889
7.213889
7.213889
7.213889
7.213889
7.213889
7.213889
3.763889
7.213889
3.763889
7.213889
3.763889
2.933333
14.952778
14.952778
7.213889
7.213889
7.213889
7.213889
7.213889
7.213889
7.213889
3.763889
7.213889
3.763889
2.933333
7.213889
3.763889
2.933333
14.952778
14.952778
7.213889
7.213889
7.213889
7.213889
7.213889
7.213889
3.763889
7.213889
3.763889
2.933333
7.213889
3.763889
2.933333
7.213889
3.763889
2.933333
14.952778
14.952778
7.213889
7.213889
7.213889
7.213889
7.213889
7.213889
3.763889
7.213889
3.763889
2.933333
7.213889
3.763889
2.933333
7.213889
3.763889
2.933333
14.952778
14.952778
7.213889
7.213889
7.213889
7.213889
7.213889
7.213889
3.763889
7.213889
3.763889
2.933333
7.213889
3.763889
2.933333
7.213889
3.763889
2.933333
12.027778
11.197222
12.027778
11.197222
6.552778
12.027778
11.197222
6.552778
12.027778
11.197222
6.552778
12.027778
11.197222
6.552778
5.363889
12.027778
11.197222
6.552778
5.363889
11.197222
6.552778
5.363889
11.197222
6.552778
5.363889
6.552778
5.363889
15.477778
12.027778
11.197222
12.027778
11.197222
12.027778
11.197222
6.552778
12.027778
11.197222
6.552778
12.027778
11.197222
6.552778
5.363889
12.027778
11.197222
6.552778
5.363889
12.027778
11.197222
6.552778
5.363889
11.197222
6.552778
5.363889
6.552778
5.363889
6.552778
5.363889
15.477778
12.027778
11.197222
12.027778
11.197222
12.027778
11.197222
6.552778
12.027778
11.197222
6.552778
12.027778
11.197222
6.552778
5.363889
12.027778
11.197222
6.552778
5.363889
11.197222
6.552778
5.363889
6.552778
5.363889
6.552778
5.363889
6.552778
5.363889
15.477778
12.027778
11.197222
12.027778
11.197222
12.027778
11.197222
6.552778
12.027778
11.197222
6.552778
12.027778
11.197222
6.552778
5.363889
12.027778
11.197222
6.552778
5.363889
11.197222
6.552778
5.363889
6.552778
5.363889
6.552778
5.363889
6.552778
5.363889
15.477778
12.027778
11.197222
12.027778
11.197222
12.027778
11.197222
6.552778
12.027778
11.197222
6.552778
12.027778
11.197222
6.552778
5.363889
12.027778
11.197222
6.552778
5.363889
11.197222
6.552778
5.363889
6.552778
5.363889
6.552778
5.363889
6.552778
5.363889
14.816667
13.627778
13.627778
13.627778
13.627778
14.816667
13.627778
14.816667
13.627778
13.627778
13.627778
14.816667
13.627778
14.816667
13.627778
13.627778
13.627778
1.394444
14.816667
13.627778
14.816667
13.627778
13.627778
13.627778
14.816667
13.627778
14.816667
13.627778
13.627778
13.627778
