6.578081
5.534630
6.752342
5.388652
6.377949
4.470037
5.549261
6.390786
6.471919
5.753359
5.524444
4.056865
5.415116
4.556000
4.911042
5.236232
5.548435
5.920624
6.602424
6.529722
4.407407
5.104167
4.065261
5.718413
6.044219
5.318105
6.416931
4.834676
7.397732
5.441296
4.434044
4.948651
4.679478
6.576574
6.025667
4.228824
6.627778
5.801875
4.796173
5.106656
5.361332
6.776818
5.965556
5.865324
4.170461
5.727297
4.380758
5.105988
4.742436
5.764802
4.861230
4.345855
5.914065
5.723897
4.485859
4.686587
5.562121
5.120972
5.706333
4.854739
6.138889
3.742484
7.183687
6.542342
6.161197
4.768896
5.699942
6.401111
4.403000
5.005501
4.497169
6.499274
5.395069
5.595722
4.524537
4.481528
4.097222
6.025787
5.557887
4.415043
5.390079
6.112092
4.963106
5.121944
5.385802
4.304676
5.113170
4.543343
4.220588
4.864722
4.711667
5.714762
6.563812
5.048993
7.618951
5.225617
4.766616
6.647863
4.129167
