780.000000
3040.000000
4100.000000
5750.000000
8140.000000
20960.000000
22020.000000
18150.000000
23620.000000
19880.000000
25250.000000
25850.000000
21570.000000
24800.000000
28120.000000
12400.000000
13410.000000
15940.000000
19720.000000
21540.000000
6950.000000
9010.000000
12790.000000
14630.000000
14630.000000
27470.000000
30890.000000
34260.000000
34260.000000
34260.000000
26750.000000
28540.000000
31280.000000
32970.000000
36200.000000
2200.000000
10710.000000
10730.000000
12260.000000
14210.000000
20400.000000
22660.000000
23720.000000
25370.000000
15480.000000
27760.000000
20550.000000
20850.000000
23160.000000
27790.000000
25540.000000
27790.000000
25540.000000
27790.000000
25540.000000
1890.000000
3930.000000
5890.000000
6950.000000
8600.000000
