500.000000
1080.000000
1530.000000
1860.000000
1990.000000
2760.000000
3830.000000
3990.000000
4000.000000
4250.000000
5250.000000
6080.000000
6210.000000
6400.000000
6430.000000
7140.000000
8050.000000
8170.000000
8320.000000
8880.000000
9080.000000
10570.000000
10770.000000
11210.000000
11390.000000
11480.000000
12710.000000
12870.000000
13150.000000
13580.000000
13690.000000
14760.000000
15310.000000
15800.000000
15940.000000
16490.000000
16790.000000
17390.000000
17920.000000
18030.000000
18620.000000
19210.000000
19520.000000
20270.000000
20310.000000
20630.000000
21310.000000
22230.000000
22420.000000
23750.000000
29750.000000
29750.000000
29750.000000
29750.000000
29750.000000
29750.000000
29750.000000
29750.000000
29750.000000
29750.000000
29750.000000
29750.000000
29750.000000
29750.000000
29750.000000
29750.000000
29750.000000
29750.000000
29750.000000
29750.000000
29750.000000
29750.000000
29750.000000
29750.000000
29750.000000
29750.000000
29750.000000
29750.000000
29750.000000
29750.000000
29750.000000
29750.000000
29750.000000
29750.000000
29750.000000
29750.000000
29750.000000
29750.000000
29750.000000
29750.000000
29750.000000
29750.000000
29750.000000
29750.000000
29750.000000
29750.000000
29750.000000
29750.000000
29750.000000
29750.000000
29750.000000
29750.000000
29750.000000
29750.000000
29750.000000
29750.000000
29750.000000
29750.000000
29750.000000
29750.000000
29750.000000
29750.000000
29750.000000
29750.000000
29750.000000
29750.000000
29750.000000
29750.000000
29750.000000
29750.000000
29750.000000
29750.000000
29750.000000
29750.000000
29750.000000
29750.000000
29750.000000
29750.000000
29750.000000
29750.000000
29750.000000
29750.000000
29750.000000
29750.000000
29750.000000
29750.000000
29750.000000
29750.000000
29750.000000
29750.000000
29750.000000
29750.000000
29750.000000
29750.000000
29750.000000
29750.000000
29750.000000
29750.000000
29750.000000
29750.000000
29750.000000
29750.000000
29750.000000
29750.000000
29750.000000
29750.000000
29750.000000
29750.000000
29750.000000
29750.000000
29750.000000
29750.000000
29750.000000
29750.000000
29750.000000
29750.000000
29750.000000
29750.000000
29750.000000
29750.000000
29750.000000
29750.000000
29750.000000
29750.000000
29750.000000
29750.000000
29750.000000
29750.000000
29750.000000
29750.000000
29750.000000
29750.000000
29750.000000
29750.000000
29750.000000
29750.000000
29750.000000
29750.000000
29750.000000
29750.000000
29750.000000
29750.000000
29750.000000
29750.000000
29750.000000
29750.000000
29750.000000
29750.000000
29750.000000
29750.000000
29750.000000
29750.000000
29750.000000
29750.000000
29750.000000
29750.000000
29750.000000
29750.000000
29750.000000
29750.000000
29750.000000
29750.000000
29750.000000
29750.000000
29750.000000
29750.000000
29750.000000
29750.000000
29750.000000
29750.000000
29750.000000
29750.000000
29750.000000
29750.000000
29750.000000
29750.000000
29750.000000
29750.000000
29750.000000
29750.000000
29750.000000
29750.000000
29750.000000
29750.000000
29750.000000
29750.000000
29750.000000
29750.000000
29750.000000
29750.000000
29750.000000
29750.000000
29750.000000
29750.000000
29750.000000
29750.000000
29750.000000
29750.000000
29750.000000
29750.000000
29750.000000
29750.000000
29750.000000
29750.000000
29750.000000
29750.000000
29750.000000
29750.000000
29750.000000
29750.000000
29750.000000
29750.000000
29750.000000
29750.000000
29750.000000
29750.000000
29750.000000
29750.000000
29750.000000
29750.000000
29750.000000
29750.000000
29750.000000
29750.000000
29750.000000
29750.000000
29750.000000
29750.000000
29750.000000
29750.000000
29750.000000
29750.000000
29750.000000
29750.000000
29750.000000
29750.000000
29750.000000
29750.000000
29750.000000
29750.000000
29750.000000
29750.000000
29750.000000
29750.000000
29750.000000
29750.000000
29750.000000
29750.000000
29750.000000
29750.000000
29750.000000
29750.000000
29750.000000
29750.000000
29750.000000
29750.000000
29750.000000
29750.000000
29750.000000
29750.000000
29750.000000
29750.000000
29750.000000
29750.000000
29750.000000
29750.000000
29750.000000
29750.000000
29750.000000
29750.000000
29750.000000
29750.000000
29750.000000
29750.000000
29750.000000
29750.000000
29750.000000
29750.000000
29750.000000
29750.000000
29750.000000
29750.000000
29750.000000
29750.000000
29750.000000
29750.000000
29750.000000
29750.000000
29750.000000
29750.000000
29750.000000
29750.000000
29750.000000
29750.000000
29750.000000
29750.000000
29750.000000
29750.000000
29750.000000
29750.000000
29750.000000
29750.000000
29750.000000
29750.000000
29750.000000
29750.000000
29750.000000
29750.000000
29750.000000
29750.000000
29750.000000
29750.000000
29750.000000
29750.000000
29750.000000
29750.000000
29750.000000
29750.000000
29750.000000
29750.000000
29750.000000
29750.000000
29750.000000
29750.000000
29750.000000
29750.000000
29750.000000
29750.000000
29750.000000
29750.000000
29750.000000
29750.000000
29750.000000
29750.000000
29750.000000
29750.000000
29750.000000
29750.000000
29750.000000
29750.000000
29750.000000
29750.000000
29750.000000
29750.000000
29750.000000
29750.000000
29750.000000
29750.000000
29750.000000
29750.000000
29750.000000
29750.000000
29750.000000
29750.000000
29750.000000
29750.000000
29750.000000
29750.000000
29750.000000
29750.000000
29750.000000
29750.000000
29750.000000
29750.000000
29750.000000
29750.000000
29750.000000
29750.000000
29750.000000
29750.000000
29750.000000
29750.000000
29750.000000
29750.000000
29750.000000
29750.000000
29750.000000
29750.000000
29750.000000
29750.000000
29750.000000
29750.000000
29750.000000
29750.000000
29750.000000
29750.000000
29750.000000
29750.000000
29750.000000
29750.000000
29750.000000
29750.000000
29750.000000
29750.000000
29750.000000
29750.000000
29750.000000
29750.000000
29750.000000
29750.000000
29750.000000
29750.000000
29750.000000
29750.000000
29750.000000
29750.000000
29750.000000
29750.000000
29750.000000
29750.000000
29750.000000
29750.000000
29750.000000
29750.000000
29750.000000
29750.000000
29750.000000
29750.000000
29750.000000
29750.000000
29750.000000
29750.000000
29750.000000
29750.000000
29750.000000
29750.000000
29750.000000
29750.000000
29750.000000
29750.000000
29750.000000
29750.000000
29750.000000
29750.000000
29750.000000
29750.000000
29750.000000
29750.000000
29750.000000
29750.000000
29750.000000
29750.000000
29750.000000
29750.000000
29750.000000
29750.000000
29750.000000
29750.000000
29750.000000
29750.000000
