5.000000 5.000000
6.466454 4.898591
2.575243 4.219810
4.865265 5.672997
7.483237 6.310606
4.001764 5.363150
2.767063 5.385259
5.740609 5.233057
6.037450 6.712818
6.131892 6.009977
3.194876 3.139792
5.696150 4.116161
4.034335 3.669075
6.890365 4.889672
3.889674 5.209271
4.428953 4.475152
4.527841 7.267966
6.260718 4.808461
3.808144 2.729417
3.483247 5.594680
4.818526 5.712603
2.287038 4.834454
6.790664 6.528611
5.116131 5.796408
2.384260 5.354646
5.030355 5.666655
6.856573 9.213938
7.320851 9.361222
9.179875 2.779399
2.972949 1.506009
4.867850 9.157863
4.966388 9.064093
9.422212 4.554953
2.906239 0.636565
1.273374 7.623622
9.587923 6.957107
0.529927 6.645138
6.315989 9.762399
2.918119 9.243574
2.489266 1.567640
4.202242 0.157822
0.407706 5.925994
6.565148 8.795164
3.676964 9.410055
8.015242 8.653759
8.507967 7.376597
0.017694 5.258083
9.832670 4.719686
8.228033 1.961550
7.498457 9.007759
3.420949 9.393491
