5.050000 4.950000
4.051764 5.313150

4.051764 5.313150
3.533247 5.544680

3.533247 5.544680
2.817063 5.335259

2.817063 5.335259
2.337038 4.784454

2.337038 4.784454
0.067694 5.208083

0.067694 5.208083
2.337038 4.784454

2.337038 4.784454
2.434260 5.304646

2.434260 5.304646
1.323374 7.573622

1.323374 7.573622
2.434260 5.304646

2.434260 5.304646
0.579927 6.595138

0.579927 6.595138
2.434260 5.304646

2.434260 5.304646
0.457706 5.875994

0.457706 5.875994
2.434260 5.304646

2.434260 5.304646
2.817063 5.335259

2.817063 5.335259
3.533247 5.544680

3.533247 5.544680
3.939674 5.159271

3.939674 5.159271
4.051764 5.313150

4.051764 5.313150
5.050000 4.950000

