12.298029
13.002162
12.529040
12.392648
12.921244
15.358574
12.727733
14.114134
12.207022
13.095716
11.786608
12.842152
13.007288
13.887620
12.698495
12.046447
15.321863
12.202147
14.965989
12.884354
12.441113
13.023594
12.458821
13.005370
12.909236
15.018752
12.148908
13.062359
12.823805
12.883154
12.704532
15.450191
12.829502
12.641413
12.194051
13.947383
14.156774
13.700360
13.204265
12.945987
12.366833
12.255833
13.647016
12.731468
13.046869
12.584434
12.328566
11.865868
13.254075
12.309502
13.014656
13.304677
12.899709
12.782596
12.893624
12.615670
12.590833
12.952329
12.801977
13.443848
12.364221
12.667709
12.865589
12.566498
12.908549
13.634004
12.225286
13.344558
12.045707
13.100316
12.470907
12.735759
14.436225
12.068623
12.352739
12.618718
12.254062
12.885620
11.713142
12.814294
12.622445
14.566684
12.461530
12.638777
12.622413
12.492823
13.073158
12.262362
12.143950
12.214117
13.075476
14.216044
12.271013
12.536903
12.958846
12.248176
12.908747
12.929124
13.505078
14.246404
11.237567
11.237567
12.792322
13.233887
13.183970
13.309158
13.251082
13.251082
13.251082
13.251082
13.251082
13.251082
12.905729
12.905729
12.905729
12.904135
12.905729
12.905729
12.905729
12.905729
12.905729
12.905729
12.905729
12.905729
12.553573
12.553573
13.075838
13.075838
13.075838
12.302854
12.302854
12.302854
10.882143
10.882143
10.882143
10.882143
10.882143
10.882143
10.882143
10.882143
10.882143
10.882143
10.882143
10.882143
10.882143
10.882143
10.882143
10.882143
10.882143
10.882143
10.882143
10.882143
10.882143
10.882143
10.882143
10.882143
10.882143
10.882143
10.882143
10.882143
10.882143
10.882143
10.882143
10.882143
10.882143
10.882143
10.882143
10.882143
10.882143
10.882143
10.882143
10.882143
10.882143
10.882143
9.665220
10.804054
10.403719
10.403719
11.212593
10.860611
10.864718
11.059159
11.057000
11.419405
11.212593
10.860611
10.864718
11.059159
11.057000
11.419405
11.212593
10.860611
10.864718
11.059159
11.057000
11.419405
11.212593
10.860611
10.864718
11.059159
11.057000
11.419405
10.473362
11.212593
10.860611
10.864718
11.059159
11.057000
11.419405
11.212593
10.860611
10.864718
11.059159
11.057000
11.419405
11.212593
10.860611
10.864718
11.059159
11.057000
11.419405
10.786167
10.583026
11.024015
11.068897
11.027224
11.064183
10.983237
10.691713
10.990208
10.886465
10.860433
11.020005
11.002102
10.868407
11.021990
10.955433
11.011010
11.095044
11.022143
11.932603
10.673050
11.063048
10.780038
10.888507
10.958265
10.805443
10.932599
10.568985
12.661961
11.194621
10.887924
10.763717
11.362156
11.222270
11.064907
11.396299
11.503527
10.737046
10.904271
10.774853
11.482009
10.813520
10.724115
11.120121
10.783551
10.867320
11.328628
11.219217
10.962102
11.052947
10.747302
11.128964
11.368710
11.000126
11.016075
10.660750
10.946511
11.281398
11.114157
11.302775
11.139156
10.859075
11.236597
10.948373
11.046305
11.997890
11.098589
11.091151
11.029881
10.659248
10.990164
10.833500
10.865582
11.024352
11.219423
11.077712
10.873532
10.975247
10.740637
11.046213
10.907917
10.910114
11.132291
10.926218
11.040189
11.129598
10.804345
11.045181
10.832532
10.949908
11.119357
13.836942
10.893868
11.384147
10.847142
11.152505
11.239794
10.765207
10.557992
10.786167
10.583026
11.024015
11.068897
11.027224
11.064183
10.983237
10.691713
10.990208
10.886465
10.860433
11.020005
11.002102
10.868407
11.021990
10.955433
11.011010
11.095044
11.022143
11.969198
10.673050
11.063048
10.780038
10.888507
10.958265
10.805443
10.932599
10.568985
12.618024
11.194621
10.887924
10.763717
11.362156
11.222270
11.064907
11.406280
11.453505
10.737046
10.904271
10.774853
11.461158
10.813520
10.724115
11.120121
10.783551
10.867320
11.328628
11.219217
10.962102
11.052947
10.747302
11.128964
11.368710
11.000126
11.016075
10.660750
10.946511
11.281398
11.114157
11.302775
11.139156
10.859075
11.236597
10.948373
11.046305
11.924720
11.098589
11.091151
11.029881
10.659248
10.990164
10.833500
10.865582
11.024352
11.219423
11.077712
10.873532
10.975247
10.740637
11.046213
10.907917
10.910114
11.132291
10.926218
11.040189
11.129598
10.804345
11.045181
10.832532
10.949908
11.119357
13.461662
10.893868
11.384147
10.847142
11.152505
11.239794
10.765207
10.557992
11.212593
10.860611
10.864718
11.059159
11.057000
11.419405
10.859108
10.605320
10.854380
10.811093
10.707722
11.185178
10.850691
10.910238
11.266244
10.678838
10.903607
11.011711
11.181436
11.627908
10.824255
10.774909
10.970115
10.979937
11.098188
10.934321
10.809928
10.589267
12.380149
11.025180
11.070223
11.063853
11.069225
11.667993
10.823650
11.223216
11.358030
10.924350
10.755402
10.905740
11.040683
10.921206
11.085079
11.236556
10.920377
10.910040
10.963852
11.120736
10.845475
10.928424
10.603405
11.063016
11.125207
11.066164
10.939088
10.410023
11.161385
10.979530
11.354413
10.719800
11.157995
10.741567
10.935376
10.950552
11.109363
12.077564
10.884143
10.774889
10.899255
10.989408
11.020283
11.320048
10.955364
11.069493
10.821340
10.984792
10.887550
10.916413
10.531526
11.016739
10.568430
11.039736
11.158418
11.031951
10.929225
10.979832
10.819440
10.925943
11.007567
11.073198
10.909482
12.967953
10.554924
10.806051
12.008811
10.700387
11.122517
10.951544
12.067200
10.403719
10.403719
10.403719
10.403719
10.403719
10.403719
10.403719
10.403719
10.403719
10.403719
10.403719
10.403719
10.403719
11.212593
10.860611
10.864718
11.059159
11.057000
10.403719
10.403719
11.212593
10.860611
10.864718
11.059159
11.057000
11.212593
10.860611
10.864718
11.059159
11.057000
11.419405
10.859108
10.605320
10.854380
10.811093
10.707722
11.185178
10.850691
10.910238
11.266244
10.678838
10.903607
11.011711
11.181436
11.627908
10.824255
10.774909
10.970115
10.979937
11.098188
10.934321
10.809928
10.589267
12.380149
11.025180
11.070223
11.063853
11.069225
11.667993
10.823650
11.223216
11.358030
10.924350
10.755402
10.905740
11.040683
10.921206
11.085079
11.236556
10.920377
10.910040
10.963852
11.120736
10.845475
10.403719
10.403719
11.212593
10.860611
10.864718
11.059159
11.057000
11.419405
10.859108
10.605320
10.854380
10.811093
10.707722
11.185178
10.850691
10.910238
11.266244
10.678838
10.903607
11.011711
11.181436
11.627908
10.824255
10.774909
10.970115
10.979937
11.098188
10.934321
10.809928
10.589267
12.380149
11.025180
11.070223
11.063853
11.069225
11.667993
10.823650
11.223216
11.358030
10.924350
10.755402
10.905740
11.040683
10.921206
11.085079
11.236556
10.920377
10.910040
10.963852
11.120736
10.845475
10.928424
10.603405
11.063016
11.125207
11.066164
10.939088
10.410023
11.161385
10.979530
11.354413
10.719800
11.157995
10.741567
10.935376
10.950552
11.109363
12.077564
10.884143
10.774889
10.899255
10.989408
11.020283
11.320048
10.955364
11.069493
10.821340
10.984792
10.887550
10.916413
10.531526
11.016739
10.568430
11.039736
11.158418
11.031951
10.929225
10.979832
10.819440
10.925943
11.007567
11.073198
10.909482
12.967953
10.554924
10.806051
12.008811
10.700387
11.122517
10.951544
12.067200
11.133429
11.212593
10.860611
10.864718
11.059159
11.057000
11.419405
10.859108
10.605320
10.854380
10.811093
10.707722
11.185178
10.850691
10.910238
11.266244
10.678838
10.903607
11.011711
11.181436
11.627908
10.824255
10.774909
10.970115
10.979937
11.098188
10.934321
10.809928
10.589267
12.380149
11.025180
11.070223
11.063853
11.069225
11.667993
10.823650
11.223216
11.358030
10.924350
10.755402
10.905740
11.040683
10.921206
11.085079
11.236556
10.920377
10.910040
10.963852
11.120736
10.845475
10.403719
