1.050000
10.833333
10.347222
9.055556
10.833333
10.347222
9.055556
10.833333
10.347222
9.055556
10.833333
10.347222
9.055556
10.833333
10.347222
9.055556
5.980556
10.833333
10.347222
9.055556
5.980556
10.833333
10.347222
9.055556
5.980556
10.833333
10.347222
9.055556
5.980556
10.833333
10.347222
9.055556
5.980556
10.833333
10.347222
9.055556
10.833333
10.347222
9.055556
10.833333
10.347222
9.055556
10.833333
10.347222
9.055556
5.980556
10.833333
10.347222
9.055556
5.980556
10.833333
10.347222
9.055556
5.980556
10.833333
10.347222
9.055556
5.980556
10.833333
10.347222
9.055556
5.980556
10.833333
10.347222
9.055556
5.980556
10.347222
9.055556
5.980556
10.833333
10.347222
10.833333
10.347222
9.055556
10.833333
10.347222
9.055556
10.833333
10.347222
9.055556
10.833333
10.347222
9.055556
10.833333
10.347222
9.055556
5.980556
10.833333
10.347222
9.055556
5.980556
10.833333
10.347222
9.055556
5.980556
10.833333
10.347222
9.055556
5.980556
10.833333
10.347222
9.055556
5.980556
10.833333
10.347222
9.055556
10.833333
10.347222
9.055556
10.833333
10.347222
9.055556
10.833333
10.347222
9.055556
10.833333
10.347222
9.055556
5.980556
10.833333
10.347222
9.055556
5.980556
10.833333
10.347222
9.055556
5.980556
10.833333
10.347222
9.055556
5.980556
10.833333
10.347222
9.055556
5.980556
10.833333
10.347222
9.055556
5.980556
10.833333
10.347222
10.833333
10.347222
9.055556
10.833333
10.347222
9.055556
10.833333
10.347222
9.055556
10.833333
10.347222
9.055556
10.833333
10.347222
9.055556
5.980556
10.833333
10.347222
9.055556
5.980556
10.833333
10.347222
9.055556
5.980556
10.833333
10.347222
9.055556
5.980556
10.833333
10.347222
9.055556
5.980556
15.763889
15.763889
15.763889
15.763889
6.450000
6.252778
6.450000
6.252778
5.625000
5.269444
6.450000
6.252778
5.625000
5.269444
4.841667
6.450000
6.252778
5.625000
5.269444
4.841667
3.758333
6.450000
6.252778
5.625000
5.269444
4.841667
3.758333
6.450000
6.252778
5.625000
5.269444
4.841667
3.758333
15.763889
15.763889
15.763889
6.450000
6.252778
6.450000
6.252778
5.625000
5.269444
6.450000
6.252778
5.625000
5.269444
4.841667
6.450000
6.252778
5.625000
5.269444
4.841667
3.758333
6.450000
6.252778
5.625000
5.269444
4.841667
3.758333
6.450000
6.252778
5.625000
5.269444
4.841667
3.758333
6.450000
6.252778
5.625000
5.269444
4.841667
3.758333
1.191667
0.808333
18.838889
15.763889
15.763889
15.763889
15.763889
15.763889
6.450000
6.252778
6.450000
6.252778
5.625000
5.269444
4.841667
6.450000
6.252778
5.625000
5.269444
4.841667
6.450000
6.252778
5.625000
5.269444
4.841667
3.758333
6.450000
6.252778
5.625000
5.269444
4.841667
3.758333
15.763889
15.763889
15.763889
15.763889
6.450000
6.252778
6.450000
6.252778
5.625000
5.269444
6.450000
6.252778
5.625000
5.269444
4.841667
6.450000
6.252778
5.625000
5.269444
4.841667
3.758333
6.450000
6.252778
5.625000
5.269444
4.841667
3.758333
6.450000
6.252778
5.625000
5.269444
4.841667
3.758333
18.838889
15.763889
15.763889
15.763889
15.763889
15.763889
6.450000
6.252778
6.450000
6.252778
5.625000
5.269444
6.450000
6.252778
5.625000
5.269444
4.841667
6.450000
6.252778
5.625000
5.269444
4.841667
3.758333
6.450000
6.252778
5.625000
5.269444
4.841667
3.758333
6.450000
6.252778
5.625000
5.269444
4.841667
3.758333
16.233333
16.036111
15.408333
15.052778
14.625000
13.541667
10.975000
10.591667
16.233333
16.036111
15.408333
15.052778
14.625000
13.541667
10.975000
10.591667
16.233333
16.036111
15.408333
15.052778
14.625000
13.541667
10.975000
10.591667
15.408333
15.052778
14.625000
13.541667
10.975000
10.591667
14.625000
13.541667
10.975000
10.591667
13.541667
10.975000
10.591667
10.975000
10.591667
10.975000
10.591667
10.975000
10.591667
2.558333
16.233333
16.036111
15.408333
15.052778
14.625000
13.541667
10.975000
10.591667
16.233333
16.036111
15.408333
15.052778
14.625000
13.541667
10.975000
10.591667
16.233333
16.036111
15.408333
15.052778
14.625000
13.541667
10.975000
10.591667
15.408333
15.052778
14.625000
13.541667
10.975000
10.591667
14.625000
13.541667
10.975000
10.591667
13.541667
10.975000
10.591667
10.975000
10.591667
10.975000
10.591667
2.558333
10.975000
10.591667
2.558333
2.558333
16.233333
16.036111
15.408333
15.052778
14.625000
13.541667
10.975000
10.591667
16.233333
16.036111
15.408333
15.052778
14.625000
13.541667
10.975000
10.591667
16.233333
16.036111
15.408333
15.052778
14.625000
13.541667
10.975000
10.591667
16.233333
16.036111
15.408333
15.052778
14.625000
13.541667
10.975000
10.591667
16.233333
16.036111
15.408333
15.052778
14.625000
13.541667
10.975000
10.591667
15.408333
15.052778
14.625000
13.541667
10.975000
10.591667
13.541667
10.975000
10.591667
13.541667
10.975000
10.591667
10.975000
10.591667
10.975000
10.591667
16.233333
16.036111
15.408333
15.052778
14.625000
13.541667
10.975000
10.591667
16.233333
16.036111
15.408333
15.052778
14.625000
13.541667
10.975000
10.591667
16.233333
16.036111
15.408333
15.052778
14.625000
13.541667
10.975000
10.591667
16.233333
16.036111
15.408333
15.052778
14.625000
13.541667
10.975000
10.591667
15.408333
15.052778
14.625000
13.541667
10.975000
10.591667
14.625000
13.541667
10.975000
10.591667
13.541667
10.975000
10.591667
10.975000
10.591667
10.975000
10.591667
10.975000
10.591667
2.558333
16.233333
16.036111
15.408333
15.052778
14.625000
13.541667
10.975000
10.591667
16.233333
16.036111
15.408333
15.052778
14.625000
13.541667
10.975000
10.591667
16.233333
16.036111
15.408333
15.052778
14.625000
13.541667
10.975000
10.591667
16.233333
16.036111
15.408333
15.052778
14.625000
13.541667
10.975000
10.591667
15.408333
15.052778
14.625000
13.541667
10.975000
10.591667
14.625000
13.541667
10.975000
10.591667
13.541667
10.975000
10.591667
10.975000
10.591667
10.975000
10.591667
10.975000
10.591667
2.558333
