5.000000 5.000000
6.010041 4.067925

6.010041 4.067925
6.182945 2.826672

6.182945 2.826672
6.847227 1.052349

6.847227 1.052349
7.063715 1.105655

7.063715 1.105655
7.417541 1.219323

7.417541 1.219323
8.188734 0.745408

8.188734 0.745408
8.558691 0.669383

8.558691 0.669383
8.798135 1.612788

8.798135 1.612788
9.231495 2.248961

9.231495 2.248961
8.368295 2.500304

8.368295 2.500304
7.266372 3.100739

7.266372 3.100739
6.182945 2.826672

6.182945 2.826672
6.010041 4.067925

6.010041 4.067925
7.240124 4.683325

7.240124 4.683325
8.257540 4.516665

8.257540 4.516665
8.407924 4.331002

8.407924 4.331002
8.397725 5.575354

8.397725 5.575354
8.561820 6.501024

8.561820 6.501024
9.222780 6.663325

9.222780 6.663325
9.408777 7.267484

9.408777 7.267484
9.403046 7.331195

9.403046 7.331195
9.879156 7.631956

9.879156 7.631956
9.840366 6.787954

9.840366 6.787954
9.760033 6.730680

9.760033 6.730680
9.890115 5.495447

9.890115 5.495447
9.907217 4.703507

9.907217 4.703507
9.890115 5.495447

9.890115 5.495447
8.397725 5.575354

8.397725 5.575354
7.227552 6.686360

7.227552 6.686360
6.042382 7.372609

6.042382 7.372609
4.917632 9.907787

4.917632 9.907787
2.526322 9.074539

2.526322 9.074539
2.372216 9.889859

2.372216 9.889859
0.941389 8.872032

0.941389 8.872032
1.159507 6.273917

1.159507 6.273917
2.269548 4.785523

2.269548 4.785523
0.642322 4.445505

0.642322 4.445505
2.427582 3.879825

2.427582 3.879825
4.405309 2.896873

4.405309 2.896873
4.438741 2.070916

4.438741 2.070916
5.096997 1.124609

5.096997 1.124609
4.023713 0.641723

4.023713 0.641723
2.814473 0.772896

2.814473 0.772896
2.519502 1.102413

2.519502 1.102413
1.839520 1.721668

1.839520 1.721668
1.401918 0.947697

1.401918 0.947697
0.485220 1.633244

0.485220 1.633244
0.394198 1.599624

0.394198 1.599624
0.485220 1.633244

0.485220 1.633244
1.839520 1.721668

1.839520 1.721668
2.550568 2.513163

2.550568 2.513163
1.877457 2.963874

1.877457 2.963874
2.427582 3.879825

2.427582 3.879825
2.269548 4.785523

2.269548 4.785523
3.049133 6.047952

3.049133 6.047952
3.225900 6.494860

3.225900 6.494860
4.577380 5.574327

4.577380 5.574327
4.444695 4.728080

4.444695 4.728080
5.000000 5.000000

5.000000 5.000000
5.000000 5.000000

5.000000 5.000000
5.000000 5.000000

5.000000 5.000000
5.000000 5.000000

5.000000 5.000000
5.000000 5.000000

5.000000 5.000000
5.000000 5.000000

5.000000 5.000000
5.000000 5.000000

5.000000 5.000000
5.000000 5.000000

5.000000 5.000000
5.000000 5.000000

5.000000 5.000000
5.000000 5.000000

5.000000 5.000000
5.000000 5.000000

5.000000 5.000000
5.000000 5.000000

5.000000 5.000000
5.000000 5.000000

5.000000 5.000000
5.000000 5.000000

5.000000 5.000000
5.000000 5.000000

5.000000 5.000000
5.000000 5.000000

5.000000 5.000000
5.000000 5.000000

5.000000 5.000000
5.000000 5.000000

5.000000 5.000000
5.000000 5.000000

5.000000 5.000000
5.000000 5.000000

5.000000 5.000000
5.000000 5.000000

5.000000 5.000000
5.000000 5.000000

5.000000 5.000000
5.000000 5.000000

5.000000 5.000000
5.000000 5.000000

5.000000 5.000000
5.000000 5.000000

5.000000 5.000000
5.000000 5.000000

5.000000 5.000000
5.000000 5.000000

5.000000 5.000000
5.000000 5.000000

5.000000 5.000000
5.000000 5.000000

5.000000 5.000000
5.000000 5.000000

5.000000 5.000000
5.000000 5.000000

5.000000 5.000000
5.000000 5.000000

5.000000 5.000000
5.000000 5.000000

5.000000 5.000000
5.000000 5.000000

5.000000 5.000000
5.000000 5.000000

5.000000 5.000000
5.000000 5.000000

5.000000 5.000000
5.000000 5.000000

5.000000 5.000000
5.000000 5.000000

5.000000 5.000000
5.000000 5.000000

5.000000 5.000000
5.000000 5.000000

5.000000 5.000000
5.000000 5.000000

