7.913535
7.411111
8.219090
6.256324
7.990342
5.976774
7.673594
8.175542
8.922518
7.758740
8.085675
5.810992
6.307375
6.742333
7.471528
7.621558
7.375626
8.051017
7.542593
8.148422
4.927614
6.714203
5.950359
8.189606
7.654244
7.364643
7.188589
6.409081
8.515741
7.128098
6.883401
6.669949
6.290087
7.930741
8.057500
6.697026
7.967702
7.629028
6.769259
7.396454
6.993944
8.860022
7.544792
8.029018
5.688589
7.832516
5.395602
6.395062
6.811817
8.178830
6.733586
6.830508
7.504630
7.846044
6.011667
7.096237
6.894545
6.856481
7.764222
6.691961
7.608333
6.305229
8.934804
8.252083
7.445856
6.586381
7.542849
8.317045
7.084000
7.696569
5.951773
8.104231
8.080417
7.302444
6.153488
7.267917
6.257963
7.949573
7.727331
6.020776
7.671237
7.784195
6.735116
6.540139
6.511852
6.472272
7.096471
6.632688
5.590468
6.146591
6.986872
9.102652
9.213349
7.255154
10.306907
7.174756
6.328605
7.512286
5.890064
7.287315
