21360.000000
28060.000000
43050.000000
41300.000000
43070.000000
41320.000000
44600.000000
42850.000000
46550.000000
44800.000000
28080.000000
47280.000000
47300.000000
48830.000000
50780.000000
24810.000000
28720.000000
38490.000000
38510.000000
40040.000000
34450.000000
34450.000000
34450.000000
36400.000000
41990.000000
16240.000000
14960.000000
27820.000000
27840.000000
29370.000000
31320.000000
26420.000000
26420.000000
26420.000000
26420.000000
17700.000000
34260.000000
34260.000000
34260.000000
34260.000000
12240.000000
8700.000000
8150.000000
23540.000000
15210.000000
23560.000000
15230.000000
25090.000000
16760.000000
27040.000000
18710.000000
20160.000000
20160.000000
20160.000000
20160.000000
12470.000000
10670.000000
30710.000000
14810.000000
30730.000000
14830.000000
32260.000000
16360.000000
34210.000000
18310.000000
