5.740609 5.233057
5.000000 5.000000

5.740609 5.233057
5.740609 5.233057

5.740609 5.233057
6.131892 6.009977

5.740609 5.233057
6.466454 4.898591

5.740609 5.233057
6.260718 4.808461

5.740609 5.233057
5.696150 4.116161

5.740609 5.233057
5.030355 5.666655

5.740609 5.233057
5.116131 5.796408

6.131892 6.009977
5.740609 5.233057

6.131892 6.009977
6.131892 6.009977

6.131892 6.009977
6.037450 6.712818

6.131892 6.009977
6.790664 6.528611

6.131892 6.009977
6.890365 4.889672

6.131892 6.009977
6.466454 4.898591

6.131892 6.009977
5.116131 5.796408

6.037450 6.712818
6.131892 6.009977

6.037450 6.712818
6.037450 6.712818

6.037450 6.712818
6.315989 9.762399

6.037450 6.712818
6.856573 9.213938

6.037450 6.712818
6.565148 8.795164

6.037450 6.712818
6.790664 6.528611

6.037450 6.712818
4.527841 7.267966

6.037450 6.712818
5.116131 5.796408

6.315989 9.762399
6.037450 6.712818

6.315989 9.762399
6.315989 9.762399

6.856573 9.213938
6.037450 6.712818

6.856573 9.213938
6.856573 9.213938

6.565148 8.795164
6.037450 6.712818

6.565148 8.795164
6.565148 8.795164

6.790664 6.528611
6.131892 6.009977

6.790664 6.528611
6.037450 6.712818

6.790664 6.528611
6.790664 6.528611

6.790664 6.528611
7.320851 9.361222

6.790664 6.528611
7.498457 9.007759

6.790664 6.528611
7.483237 6.310606

6.790664 6.528611
6.890365 4.889672

6.790664 6.528611
4.527841 7.267966

7.320851 9.361222
6.790664 6.528611

7.320851 9.361222
7.320851 9.361222

7.498457 9.007759
6.790664 6.528611

7.498457 9.007759
7.498457 9.007759

7.483237 6.310606
6.790664 6.528611

7.483237 6.310606
7.483237 6.310606

7.483237 6.310606
9.832670 4.719686

7.483237 6.310606
8.015242 8.653759

7.483237 6.310606
9.587923 6.957107

7.483237 6.310606
8.507967 7.376597

7.483237 6.310606
6.890365 4.889672

7.483237 6.310606
4.527841 7.267966

9.832670 4.719686
7.483237 6.310606

9.832670 4.719686
9.832670 4.719686

8.015242 8.653759
7.483237 6.310606

8.015242 8.653759
8.015242 8.653759

9.587923 6.957107
7.483237 6.310606

9.587923 6.957107
9.587923 6.957107

8.507967 7.376597
7.483237 6.310606

8.507967 7.376597
8.507967 7.376597

6.890365 4.889672
6.131892 6.009977

6.890365 4.889672
6.790664 6.528611

6.890365 4.889672
7.483237 6.310606

6.890365 4.889672
6.890365 4.889672

6.890365 4.889672
8.228033 1.961550

6.890365 4.889672
9.179875 2.779399

6.890365 4.889672
9.422212 4.554953

6.890365 4.889672
6.466454 4.898591

6.890365 4.889672
6.260718 4.808461

6.890365 4.889672
5.696150 4.116161

6.890365 4.889672
3.808144 2.729417

8.228033 1.961550
6.890365 4.889672

8.228033 1.961550
8.228033 1.961550

9.179875 2.779399
6.890365 4.889672

9.179875 2.779399
9.179875 2.779399

9.422212 4.554953
6.890365 4.889672

9.422212 4.554953
9.422212 4.554953

6.466454 4.898591
5.740609 5.233057

6.466454 4.898591
6.131892 6.009977

6.466454 4.898591
6.890365 4.889672

6.466454 4.898591
6.466454 4.898591

6.466454 4.898591
6.260718 4.808461

6.260718 4.808461
5.740609 5.233057

6.260718 4.808461
6.890365 4.889672

6.260718 4.808461
6.466454 4.898591

6.260718 4.808461
6.260718 4.808461

6.260718 4.808461
5.696150 4.116161

5.696150 4.116161
5.000000 5.000000

5.696150 4.116161
5.740609 5.233057

5.696150 4.116161
6.890365 4.889672

5.696150 4.116161
6.260718 4.808461

5.696150 4.116161
5.696150 4.116161

5.696150 4.116161
4.428953 4.475152

5.696150 4.116161
4.034335 3.669075

5.696150 4.116161
3.808144 2.729417

4.428953 4.475152
5.000000 5.000000

4.428953 4.475152
5.696150 4.116161

4.428953 4.475152
4.428953 4.475152

4.428953 4.475152
4.034335 3.669075

4.428953 4.475152
3.889674 5.209271

4.428953 4.475152
4.001764 5.363150

4.034335 3.669075
5.696150 4.116161

4.034335 3.669075
4.428953 4.475152

4.034335 3.669075
4.034335 3.669075

4.034335 3.669075
3.808144 2.729417

4.034335 3.669075
3.194876 3.139792

4.034335 3.669075
2.575243 4.219810

4.034335 3.669075
3.889674 5.209271

3.808144 2.729417
6.890365 4.889672

3.808144 2.729417
5.696150 4.116161

3.808144 2.729417
4.034335 3.669075

3.808144 2.729417
3.808144 2.729417

3.808144 2.729417
4.202242 0.157822

3.808144 2.729417
2.906239 0.636565

3.808144 2.729417
2.972949 1.506009

3.808144 2.729417
3.194876 3.139792

4.202242 0.157822
3.808144 2.729417

4.202242 0.157822
4.202242 0.157822

2.906239 0.636565
3.808144 2.729417

2.906239 0.636565
2.906239 0.636565

2.972949 1.506009
3.808144 2.729417

2.972949 1.506009
2.972949 1.506009

3.194876 3.139792
4.034335 3.669075

3.194876 3.139792
3.808144 2.729417

3.194876 3.139792
3.194876 3.139792

3.194876 3.139792
2.489266 1.567640

3.194876 3.139792
2.575243 4.219810

2.489266 1.567640
3.194876 3.139792

2.489266 1.567640
2.489266 1.567640

2.575243 4.219810
4.034335 3.669075

2.575243 4.219810
3.194876 3.139792

2.575243 4.219810
2.575243 4.219810

2.575243 4.219810
2.287038 4.834454

2.575243 4.219810
2.767063 5.385259

2.575243 4.219810
3.889674 5.209271

2.287038 4.834454
2.575243 4.219810

2.287038 4.834454
2.287038 4.834454

2.287038 4.834454
0.017694 5.258083

2.287038 4.834454
2.384260 5.354646

2.287038 4.834454
2.767063 5.385259

0.017694 5.258083
2.287038 4.834454

0.017694 5.258083
0.017694 5.258083

2.384260 5.354646
2.287038 4.834454

2.384260 5.354646
2.384260 5.354646

2.384260 5.354646
1.273374 7.623622

2.384260 5.354646
0.529927 6.645138

2.384260 5.354646
0.407706 5.925994

2.384260 5.354646
2.767063 5.385259

2.384260 5.354646
4.527841 7.267966

1.273374 7.623622
2.384260 5.354646

1.273374 7.623622
1.273374 7.623622

0.529927 6.645138
2.384260 5.354646

0.529927 6.645138
0.529927 6.645138

0.407706 5.925994
2.384260 5.354646

0.407706 5.925994
0.407706 5.925994

2.767063 5.385259
2.575243 4.219810

2.767063 5.385259
2.287038 4.834454

2.767063 5.385259
2.384260 5.354646

2.767063 5.385259
2.767063 5.385259

2.767063 5.385259
3.483247 5.594680

2.767063 5.385259
3.889674 5.209271

2.767063 5.385259
4.527841 7.267966

3.483247 5.594680
2.767063 5.385259

3.483247 5.594680
3.483247 5.594680

3.483247 5.594680
3.889674 5.209271

3.483247 5.594680
4.001764 5.363150

3.483247 5.594680
4.818526 5.712603

3.483247 5.594680
4.527841 7.267966

3.889674 5.209271
4.428953 4.475152

3.889674 5.209271
4.034335 3.669075

3.889674 5.209271
2.575243 4.219810

3.889674 5.209271
2.767063 5.385259

3.889674 5.209271
3.483247 5.594680

3.889674 5.209271
3.889674 5.209271

3.889674 5.209271
4.001764 5.363150

4.001764 5.363150
5.000000 5.000000

4.001764 5.363150
4.428953 4.475152

4.001764 5.363150
3.483247 5.594680

4.001764 5.363150
3.889674 5.209271

4.001764 5.363150
4.001764 5.363150

4.001764 5.363150
4.818526 5.712603

4.001764 5.363150
4.865265 5.672997

4.818526 5.712603
3.483247 5.594680

4.818526 5.712603
4.001764 5.363150

4.818526 5.712603
4.818526 5.712603

4.818526 5.712603
4.527841 7.267966

4.818526 5.712603
4.865265 5.672997

4.818526 5.712603
5.116131 5.796408

4.527841 7.267966
6.037450 6.712818

4.527841 7.267966
6.790664 6.528611

4.527841 7.267966
7.483237 6.310606

4.527841 7.267966
2.384260 5.354646

4.527841 7.267966
2.767063 5.385259

4.527841 7.267966
3.483247 5.594680

4.527841 7.267966
4.818526 5.712603

4.527841 7.267966
4.527841 7.267966

4.527841 7.267966
4.867850 9.157863

4.527841 7.267966
2.918119 9.243574

4.527841 7.267966
3.420949 9.393491

4.527841 7.267966
3.676964 9.410055

4.527841 7.267966
4.966388 9.064093

4.527841 7.267966
5.116131 5.796408

4.867850 9.157863
4.527841 7.267966

4.867850 9.157863
4.867850 9.157863

2.918119 9.243574
4.527841 7.267966

2.918119 9.243574
2.918119 9.243574

3.420949 9.393491
4.527841 7.267966

3.420949 9.393491
3.420949 9.393491

3.676964 9.410055
4.527841 7.267966

3.676964 9.410055
3.676964 9.410055

4.966388 9.064093
4.527841 7.267966

4.966388 9.064093
4.966388 9.064093

4.865265 5.672997
5.000000 5.000000

4.865265 5.672997
4.001764 5.363150

4.865265 5.672997
4.818526 5.712603

4.865265 5.672997
4.865265 5.672997

4.865265 5.672997
5.030355 5.666655

4.865265 5.672997
5.116131 5.796408

5.030355 5.666655
5.000000 5.000000

5.030355 5.666655
5.740609 5.233057

5.030355 5.666655
4.865265 5.672997

5.030355 5.666655
5.030355 5.666655

5.030355 5.666655
5.116131 5.796408

5.116131 5.796408
5.740609 5.233057

5.116131 5.796408
6.131892 6.009977

5.116131 5.796408
6.037450 6.712818

5.116131 5.796408
4.818526 5.712603

5.116131 5.796408
4.527841 7.267966

5.116131 5.796408
4.865265 5.672997

5.116131 5.796408
5.030355 5.666655

5.116131 5.796408
5.116131 5.796408

