37.355173
44.920588
38.539514
38.142424
44.487225
61.525162
42.360262
51.383067
35.865457
44.527568
33.327521
43.586616
46.158360
50.000596
40.975721
34.357797
61.337936
36.725336
56.562723
42.528194
38.981462
45.423110
40.353445
44.667785
43.431494
57.656369
35.193981
45.338754
43.118269
43.303884
43.113618
61.883885
42.455759
40.295653
35.509938
50.473053
52.412188
50.512054
46.328143
44.389894
37.588669
36.116363
48.785915
41.413758
44.688479
39.728466
36.905111
33.410019
47.649191
36.984228
43.949568
47.178554
44.017602
42.575369
44.290992
40.435249
42.579305
43.903403
43.010255
47.976792
36.299303
40.595240
43.803226
39.633551
44.382401
48.609755
36.292513
47.725090
34.416784
45.603561
38.385444
41.569855
53.334586
34.284647
37.188809
41.161876
37.813572
44.138016
32.044181
42.383317
40.764342
54.321063
38.408143
39.908889
39.744141
37.947011
45.255598
36.515699
36.029507
36.033068
45.818285
52.439729
36.115679
39.673768
43.720164
36.430094
43.516034
44.324802
47.903449
51.768135
28.095016
28.095016
42.461627
42.461627
42.461627
42.461627
42.461627
42.461627
42.461627
42.461627
42.461627
42.461627
42.461627
42.461627
42.461627
42.461627
42.461627
42.461627
42.461627
42.461627
42.461627
42.461627
42.461627
42.461627
42.461627
42.461627
42.461627
42.461627
42.461627
42.461627
42.461627
42.461627
