33.438775
35.209312
28.668232
33.821261
36.470109
37.417619
32.634287
34.129920
30.387010
32.916196
29.858149
33.523673
33.694327
34.062520
32.695040
31.315836
39.524500
34.233014
32.945634
31.698305
36.813349
32.398070
30.159713
38.747210
33.439310
39.059917
29.642403
34.092307
37.117461
29.767231
36.388343
36.013519
32.152297
33.987194
29.340540
30.635824
38.264251
33.003543
30.834138
34.904952
29.470825
31.947840
37.073164
30.869136
36.469722
31.709687
30.532107
29.924999
34.000449
32.424708
34.651966
31.625675
34.250860
32.032016
35.093935
29.187504
31.055749
30.737905
34.588349
33.710677
30.475519
30.365549
34.908213
34.689616
32.761861
34.211522
33.411012
31.458591
27.996229
37.617569
29.779005
33.884861
37.625852
30.005621
29.717995
33.351119
32.816426
34.005766
28.731115
34.752512
30.954420
34.433915
32.733065
29.793299
32.356685
30.071448
37.691648
29.419170
34.089216
31.481337
32.770344
34.112594
31.997871
30.871934
31.936714
28.991111
31.603803
34.257316
36.411561
35.819344
18.563402
18.563402
30.705614
30.705614
30.705614
30.705614
30.705614
30.705614
30.705614
30.705614
30.705614
30.705614
30.705614
30.705614
30.705614
30.705614
30.705614
30.705614
30.705614
30.705614
30.705614
30.705614
30.705614
30.705614
30.705614
30.705614
30.705614
30.705614
30.705614
30.705614
30.705614
30.705614
